# FEMALE/BOTTOM — discovered 2026-08-01T17:49:35.376171+09:00
# gap=398 oversample=1.6 have=102
# count=637
5139106
6799695
6755506
6842884
6753906
3070323
1945314
4101711
5964359
3868162
6633819
5010751
5562241
5170138
6336948
2273549
5156702
3730366
3851323
4430592
6799794
6301702
5337147
4876192
3753631
6266461
6275096
5848609
6839922
6322086
5290236
4970624
3870345
5252900
6274556
5984154
6507725
3170559
5259101
6376261
4045171
6032712
6798899
5594139
4639208
5442400
6435220
5395433
4823217
5966175
5743668
5043300
4001402
6292196
6626524
4724236
6519732
6464044
4949316
5399055
5795926
6303991
5768113
6275094
6482250
5753643
6261761
5336697
5742603
6043962
4719618
4796404
6209957
1960628
4481761
5139107
6645949
3757224
3075503
6477606
6224614
2448894
4546937
6259843
5946715
6507995
5885887
4912932
4991585
6778621
3730408
5920485
5984255
2552603
6081212
5155126
3968232
3920758
6235402
6372167
5909068
6292224
4094073
5115200
5834482
5166593
5273888
4781207
4629965
5905039
3758425
6089428
4786390
6075635
5237831
5795927
6297968
3911993
6227038
5946669
5500701
6276334
6128728
5948751
5859122
5480110
6359631
4696427
6842888
6030756
1350362
5011107
5946692
6536362
4421581
5180811
6660138
6593848
5875523
6032713
5768117
6112166
5768114
6416213
4776185
6645944
5098835
6145321
5938980
6554709
5537853
6505367
2498296
5338367
6586795
6464337
6333727
6108696
5366193
6241216
6658418
6325590
5004277
5492697
6199728
1376515
6452661
6029408
5892071
5092380
6679684
6182472
6309747
6497682
6526596
5242252
6763146
6143984
5342544
6305503
5290871
6446799
5071014
4109771
6106772
4044110
4116246
5728595
5236479
6056579
5322174
6120737
5590465
5978557
4062156
5972541
3134762
6173539
6608559
6221765
4973383
6298002
4798431
6695612
6621663
3229481
4037186
6518220
6810137
5952226
6796513
6109113
4231434
6286298
3757218
6017403
5132747
5768116
5859116
5010750
5077795
6047357
6323146
3984355
6314160
6754129
5290873
6414319
5933524
6148748
5098042
6154164
5037817
6440381
5381244
3304039
5444308
5849532
6230371
6393514
5007635
2775784
4327580
6080486
734316
2396607
3751709
5076378
6431640
6336116
3048629
6586813
6120966
6636440
6115419
4823461
4200529
4006691
6394085
6363246
4800314
4319205
6081592
6305414
6026930
5928448
5081123
6118217
4841127
6267433
3139448
3902778
6034008
3298760
5768119
5824389
6432356
6532788
4723174
6478478
5487571
5035861
6122319
6398425
3271512
5413152
6092187
5911291
5086830
5953457
5180219
5835471
6686179
6686104
6686065
6968405
6949131
6949185
6949141
6949256
6949253
6949251
6949243
6949239
6959013
6958897
6958149
6696322
6696314
6967952
6941822
6956089
6947630
6937810
6959720
6959676
6959645
6949264
6949262
6949169
6949325
6949129
6949217
6949511
6949258
6967400
6958826
6958823
6958822
6942687
6942679
6945644
6945641
6960974
6960973
6957555
6957550
6957549
6957554
6957544
6957543
6957541
6957539
6957537
6964798
6959362
6959016
6959265
6959224
6959211
6959156
6959073
6959052
6959448
6959240
6960200
6960109
6959997
6963133
6963132
6963131
6963128
6968099
6967966
6967951
6967821
6967744
6961159
6961098
6961090
6961082
6959389
6959331
6959189
6959130
6959093
6959001
6958521
6956562
6949523
6956038
6956006
6917094
6917092
6917091
6917090
6958098
6958094
6958090
6950534
6950532
6950531
6955696
6917098
6669710
6669594
6948156
6950856
6950847
6950765
6834839
6834845
6834843
6834838
6834822
6834832
6834830
6834829
6834828
6834826
6834823
6834817
6834816
6834814
6834813
6834811
6834810
6834833
6834831
6834809
6834808
6834842
6834841
6834837
6834836
6834834
6834846
6948410
6948973
6948815
6947376
6946070
6946251
6949631
6949601
6804958
6949569
6949550
6949533
6949503
6949483
6949468
6949452
6949439
6949425
6949412
6949401
6949381
6949363
6949346
6949320
6949300
6949271
6949249
6949223
6949616
6949566
6948969
6949197
6949167
6949138
6949117
6949102
6949086
6949066
6949044
6949018
6948988
6947947
6948192
6947426
6941766
6941684
6941253
6940459
6940374
6947412
6947411
6947414
6937574
6937573
6937570
6937569
6937576
6937575
6937511
6937510
6937506
6937488
6927552
6939452
6945257
6945254
6943285
6944513
6944505
6944546
6944538
6944530
6780625
6945251
6945250
6808409
6808406
6816028
6711646
6939115
6918039
6937699
6940888
6940873
6940660
6940648
6940498
6940494
6940615
6940518
6940515
6918964
6940058
6939695
6939691
6938162
6918003
6896785
6929233
6929224
6896852
6896848
6896788
6938925
6925039
6925038
6925037
6925036
6925035
6939199
6939197
6939180
6938921
6938919
6938916
6938914
6821594
6821592
6821565
6938901
6938899
6937993
6937987
6937986
6937983
6937982
6937971
6937964
6937955
6937937
6937916
6937914
6937909
6937857
6937722
6937502
6937499
6661529
6661551
6661421
6661404
6661386
6937063
6937059
6937249
6937166
6937165
6937164
6937132
6937096
6912707
6912697
6912156
6912145
6912112
6901458
6901447
6912889
6912750
6912741
6912737
6912895
6932944
6932942
6932940
6932938
6932935
6932932
6932930
6932928
6932927
6932851
6932848
6932774
6860999
6860906
6933423
6933398
6931865
6936291
6936194
6936825
6929085
6929083
6929969
6929968
6931055
6930227
6936021
6936002
6936000
6934426
6934423
6934418
6934411
6918042
6917986
6918016
6916610
6916606
6930711
6929979
6929971
6852839
6799773
6660269
6929896
6927524
6929206
6928405
