# FEMALE/TOP — discovered 2026-08-01T17:49:11.740732+09:00
# gap=419 oversample=1.6 have=81
# count=671
6764055
6787113
6129637
6778754
6618035
6841410
6823708
6843879
6294035
6772482
6840151
6696990
6753043
6545097
6747029
6403719
5896762
6237554
5176092
6876277
6773388
5429767
6675227
6797751
6566770
5129508
6199864
4129489
6638492
5034188
6435206
6736698
6317272
6033442
6591029
4120242
6843889
6535953
6233850
6649403
6790187
6401851
6458180
6138785
6215890
6376115
6506680
6441266
5397926
6471338
6053855
6276012
6355786
6430803
6652062
4651594
5134322
6209219
6075280
4661063
3990241
6566767
6146506
4351032
6333655
5034638
6786580
5969551
6764713
6458366
6566769
6218535
5661635
6204374
6771740
5901420
6617244
6702333
6020699
3126011
6535710
6376059
6304006
5466467
6696915
6346231
6170315
6082289
5128645
3863303
6429007
6663058
6161234
5795968
6202437
6596322
6833087
6148763
6260453
4629841
6313794
6263268
5901405
6278279
6755261
5913236
6453435
6226809
5042262
6508556
4748667
6778744
6007618
6591855
6359181
6276056
6755320
6020611
6746165
6548127
4984059
3167231
4322503
2618780
6530834
6455169
6693832
5905279
1356896
5180543
5763372
5152944
5158310
5977777
5901423
6596367
5273068
6345525
6506683
6686205
5404516
5886093
5047806
6336149
6063262
6322098
6446833
5104674
6468600
6215897
4055684
2359698
4982374
6617243
5049615
6417374
6453379
5034189
6316763
5076047
6155564
6675983
5661658
6220843
6192632
6376055
6366020
5002044
6075283
6608003
6305498
6136093
6067431
6635265
6081978
6331625
6455833
6668086
6405582
3927652
6354904
6771343
5012916
6409751
5114159
6274606
6717067
6843814
5910915
6289290
4991568
6208431
6169567
5155214
6263219
6408128
6486267
5262178
6403701
6109102
6243819
6349754
6118031
5348207
6021383
6407643
4113274
5947567
5128230
6739490
6434041
6507744
6000058
6471365
6786724
6044374
6823709
6295936
6192240
6215886
5386320
3927982
6769983
6579994
6809735
5979519
6263727
5139026
6527895
6299856
6562504
6752572
5110280
6423686
6516709
6278373
6822849
6543594
3753648
6366188
6263410
6384787
6485121
6221959
6098015
5657930
3753652
6385509
6686959
6443868
4078170
3845218
6382095
6504794
6751901
6135867
5128594
5020236
6285428
5182814
6445257
4899346
5937241
6646068
5111698
6669522
6340253
6483557
4993162
6195800
6753245
6046291
6025816
6609718
6147464
6435241
6376180
6149047
6650963
6745477
5029718
6427715
5034544
3248961
6468649
5026714
4083115
5043299
3283586
6753916
6618252
6658469
6041984
4655652
6242988
6670565
4900216
6652170
6418582
6840153
6873131
6386831
4959149
1465444
6295937
6402951
6162377
2416455
6586467
6423771
6446888
5246896
6616076
6778709
5762281
6152326
4191838
4154150
6249391
6427877
6070370
6366066
6317480
3956456
6253553
6843694
6342752
6208913
6786575
6291641
6168014
5052512
6291397
6328637
3955329
4651561
4836679
6296292
4093284
6155575
6435703
6480787
6918902
6686241
6686094
6744812
6686142
6968180
6968141
6968025
6967948
6967121
6969175
6968979
6968908
6968564
6968392
6968352
6968299
6969456
6969417
6969369
6969254
6969210
6949196
6949137
6949232
6949308
6949307
6968705
6968704
6968702
6968700
6964320
6964319
6964318
6940062
6959019
6958929
6940060
6951077
6951069
6951063
6946314
6903637
6965248
6966396
6966393
6966386
6969285
6969267
6966616
6966599
6948541
6858383
6968395
6966922
6966772
6965731
6967287
6967804
6967800
6967797
6967802
6968220
6937825
6937760
6877294
6877281
6941153
6941151
6940645
6951120
6967475
6967401
6967292
6966245
6964954
6964940
6964991
6964984
6964976
6964970
6964967
6965001
6964951
6959015
6957919
6957879
6957709
6957673
6957610
6957551
6957447
6957192
6959041
6957123
6960149
6960034
6968744
6968742
6968726
6968722
6968559
6968551
6968549
6968547
6949199
6949326
6949173
6949171
6949278
6949275
6949188
6949213
6949126
6949336
6949331
6949327
6949319
6949316
6949177
6949342
6949339
6949315
6949313
6949211
6949208
6949274
6949272
6949266
6949195
6949184
6968508
6968505
6968139
6968135
6968123
6968158
6968155
6968150
6968147
6968145
6968142
6968140
6967706
6959505
6959503
6959501
6967433
6967432
6967430
6967428
6967421
6967419
6967415
6967414
6967412
6967406
6967404
6967402
6967385
6967384
6967268
6967199
6967178
6967176
6911310
6880293
6942595
6942751
6942657
6771752
6959552
6959550
6960978
6960977
6960976
6960975
6890038
6890016
6890009
6890007
6890005
6889938
6965622
6964782
6964766
6960724
6960706
6960653
6958790
6958752
6959222
6959091
6948562
6940197
6959882
6959777
6959976
6954468
6961111
6961107
6961100
6967704
6967664
6967282
6967242
6967207
6966926
6966923
6961142
6961140
6961139
6961134
6961130
6961128
6961124
6961122
6961118
6961116
6961112
6961106
6961077
6961066
6961058
6961041
6961025
6960965
6960948
6960914
6960872
6960811
6960755
6960709
6960374
6960336
6960290
6960204
6960164
6960092
6960015
6959818
6959787
6959718
6884060
6884058
6884057
6884055
6884053
6884048
6884046
6884042
6884039
6884036
6884035
6884033
6884031
6884028
6884025
6884021
6686130
6658687
6658681
6658680
6658679
6518672
6518671
6518669
6957566
6958997
6958987
6955934
6954677
6954675
6958842
6696074
6696072
6959893
6959880
6959842
6956871
6956863
6956829
6954467
6954466
6954465
6958871
6957175
6958712
6958193
6954507
6955754
6939176
6950713
6958993
6958971
6958957
6958982
6958939
6937856
6937707
6951103
6951101
6951111
6958172
6958171
6955787
6955723
6949908
6949783
6955685
6954894
6954776
6950715
6950088
6949676
6948647
6948641
6948668
6948662
6948660
6948658
6948655
6948674
6948652
6958016
6958012
6958006
6958002
6957999
