# MALE/TOP — discovered 2026-08-01T17:48:30.824372+09:00
# gap=390 oversample=1.6 have=110
# count=624
4027050
6810385
6781113
4492040
3401108
6819926
6805258
6850738
6808083
6842606
6747075
6726380
4891596
6045635
6850759
6463410
6370977
4756325
6606207
6109239
6805243
6839271
6543427
6850841
6518898
6586166
6431153
3920644
6415687
6103286
5149126
6156298
2507488
6516237
6453704
2510196
4969899
5180505
6109260
4170414
4898914
6686138
4995404
3205726
3586427
4898835
6291474
4188523
1821755
4024222
6144358
6633290
5065578
4055771
5186596
6702125
6564214
6557147
6460336
4041327
6807608
6558705
6354954
6730487
5020211
5025604
4905829
6562364
4703553
6290134
6661240
6853538
6103340
6593096
6350644
6634031
4668060
6573673
4734393
6075608
6179698
5937170
6696080
5979880
4860170
4123649
6772138
6111911
6211293
6278959
6262642
6460242
6428866
6103298
4008316
5026615
6291556
6543526
3041958
6678136
6385502
6308259
6037178
6103284
3757134
6124023
4045185
6585845
5436366
6689434
3167984
6832146
4932483
4682246
6467497
6206009
6634023
4938276
6058096
4990664
3858441
4918848
4052645
6207994
6502246
6324677
6203854
6258110
5288355
5161025
6853568
4766558
5368999
5353139
6370967
6487971
6772140
6317949
3294589
5076470
2445794
6850884
6202348
6894420
2709228
6609858
6792083
4000089
6081292
5018211
4729987
6416172
6320922
6299612
5139961
6186426
6064531
4116995
5315296
6219022
6726079
5260084
5994063
6659439
5142137
6541551
4125333
4078445
5329645
6768420
6235439
6391691
6468370
5849033
5114507
6176034
6134468
6087271
4936661
4934384
6237394
6841401
6730836
6812676
6453863
6103287
6103306
4028239
6554041
1032580
5096348
5003891
6218111
6336682
5479980
6037861
6289334
6307599
5170641
6401658
3143786
6366784
6702448
4060525
6388224
6278962
6124022
6849602
6263413
6140524
5147112
4899079
6338533
2542410
6509635
6370721
6373536
5369031
6225258
6482003
2510589
6191646
4173491
6110329
4191127
3331419
6539133
6121812
6247446
6002230
6234189
5335287
3401107
6860149
4734357
6804398
5059800
6322955
6307390
6653485
6399043
5029822
3958950
6686098
5888191
6557143
6518998
2550443
3169979
5018976
6019435
3876779
6526842
4073330
3928114
5260075
6686122
6119282
3132887
4217991
6139656
3241753
4045201
4180093
6048841
6374894
4185756
6462727
4374422
1491139
5085967
559201
6356936
1437774
4883759
5213385
6392067
1090694
6475718
6201953
1040186
5995433
5068881
6350495
4860166
6103362
3042516
2005542
6202285
5984529
6103285
6129746
4998043
6688188
6064541
4030865
4883717
6573706
6466463
4934243
4897555
5169726
6154427
6045652
6270541
3271408
6029776
4913235
3261795
6300007
4899057
5054140
5977380
5937167
5095883
6468975
3858402
6806195
5008870
5884072
2606171
4073361
6164262
6586173
3758226
5991834
3666383
6577717
3877546
6449810
6579383
6202333
5944299
6633917
6529588
6468681
6385915
2668722
6541549
6515281
6686129
6604377
4980569
6722931
3252263
6475717
6168238
4779977
6294235
6730489
6370971
4943538
6222044
6260186
6404230
6634729
6143100
5026628
1466055
6281312
5204628
6853536
5149129
5064666
6265546
4146745
6387847
6278963
5094910
5905933
6428929
6467413
6237248
6155893
6359008
5123733
5036518
6410387
6210943
6103550
4860466
3989440
4918856
4655182
6327963
6381362
6326865
6146043
6502234
6408755
2461377
3182056
6227205
6291419
6680485
6654214
4893249
6372123
6110331
6221587
6176335
3989425
6632593
6592529
5973291
6581373
5162978
5849477
4403699
6716176
4970655
6551092
6085461
6203119
6634029
6201789
6642374
5253332
6487872
6271178
6317935
6002353
5104817
3325145
4336541
5017539
6112376
6537048
6122394
6727744
6154671
4845442
6669125
6437179
6608623
6743609
6102710
5090673
6213122
6386146
4120451
5025534
6156288
6702435
6702424
6686119
6890034
6686069
6842592
6830165
6830164
6964567
6959835
6959834
6966792
6966784
6950968
6950967
6950966
6940035
6940032
6940025
6965583
6969892
6968465
6968190
6968148
6966910
6966891
6966388
6966384
6966381
6966376
6966372
6969275
6968954
6968785
6968771
6968755
6968735
6968716
6968696
6968681
6968665
6968652
6968634
6968613
6968589
6968560
6968542
6968520
6968498
6968474
6968452
6968437
6968418
6968310
4782582
4782577
4782558
4782555
6966930
6966925
6927764
6927762
6940644
6940252
6940251
6961017
6961016
6969608
6969607
6969606
6969622
6969585
6961018
6966185
6966116
6966043
6965970
6968419
6968384
6968361
6968336
6967932
6966357
6966352
6964998
6964995
6964965
6964960
6964958
6964937
6964990
6964986
6964978
6964963
6964949
6964943
6967917
6967915
6967914
6967913
6967912
6806860
6806857
6806856
6806854
6806852
6806851
6806849
6806846
6968168
6968116
6968106
6967947
6967930
6967921
6967249
6967581
6956435
6956399
6956307
6956232
6955676
6967318
6967313
6942194
6942134
6942236
6942213
6919762
6880585
6967617
6967612
6967609
6967608
6967607
6967603
6967600
6967597
6966458
6966423
6966410
6966407
6966405
6966421
6966417
6966416
6966415
6966404
6903824
6960899
6965825
6965824
6965823
6965821
6965820
6965822
6959482
6959480
4782572
4782569
6890068
6890160
6890157
6890155
6890088
6890084
6890082
6890336
6890327
6890221
6890216
6890212
6890168
6890163
6890069
6890066
6890064
6890057
6965452
6942169
6942158
