# MALE/BOTTOM — discovered 2026-08-01T17:48:49.676953+09:00
# gap=341 oversample=1.6 have=159
# count=546
6895560
6518709
3098405
3793221
6812258
4299048
4096885
6820245
6686255
6772136
6809660
4989763
6518761
3287769
6532781
4816370
5127704
5167869
6425527
5386361
5007931
4210131
6809650
3793219
5363832
3970381
5908749
3794791
6816381
6004700
3069977
5060243
4258826
4270621
6371100
6652661
4035806
6308673
6053738
5050305
6469952
6830458
6813640
6197079
6253516
4995109
5135406
3758234
6149980
5215342
5190514
6145331
6145290
3119699
4826028
6805447
3919988
6192485
5306791
6608879
3054149
5264044
5023802
6844540
6499212
3276580
6164602
3939830
6363433
3599545
2708877
6466264
5363887
6616772
6543438
6020523
6291455
6552873
4816351
6152461
5877249
5048431
4072869
5980521
6329309
6652619
5061543
3174860
5911450
3054927
3899397
1311988
6038606
5860706
3513309
4471697
3815902
4766525
6382829
5142709
6620025
5513434
5911292
1525517
6038608
6374709
3437897
3048829
4237428
6410046
6499202
3757152
5849537
5944323
5755289
6642846
5045835
5964721
6535638
4084884
3792018
4973438
4948089
4125944
2124440
4863136
3140181
6014243
3268283
6419037
5146026
1388110
3758271
4169039
6239798
5309631
6110843
5627721
5030686
4061558
5026589
3866981
6065562
1844582
5829560
3256194
4918819
4110802
3203641
5957038
3148396
6897082
1478013
4033428
3989999
6255590
6120339
6178402
5773115
4030322
1985224
2112061
6170672
5067330
3246389
4066317
5964902
4034427
3134698
5335142
6499247
6666310
6102668
6795508
5064349
2734514
4161068
4927197
5007618
4072132
3859210
5334006
4912329
4308000
2602312
6614742
6244244
6251201
5328103
4148384
3839625
4898359
6610294
4757503
4761188
4216287
4556432
5898870
5290840
6415477
3535352
6239019
6702426
6344592
4925581
6285349
6610818
4613450
3908608
5323509
5919266
5897182
5320009
6582703
5902772
5908750
6489746
5416067
5998275
5025514
5175268
4908970
3260690
5877567
6111131
4642900
6894107
1312035
3575423
6317952
6641791
6038605
6049553
6192228
5849544
4441725
5396436
4787237
3098372
6566713
4695443
5354644
6029461
5339819
5131681
6450097
4221862
4716046
6571394
6322922
2578999
6014233
6307708
4831281
3214878
4258827
3274634
5921130
3975867
6084722
4725443
3859191
3983035
5382519
6102457
1466442
4456289
6248325
6143130
3153805
3271546
5265003
3346165
4405061
4137681
6499208
6235530
6307547
6530441
5928541
1477272
5899294
4894306
6191112
6129811
4993480
4467677
6225864
3467384
3029038
6235041
4011917
1296317
5476618
6518792
4913953
6539131
2192757
5114234
5417909
3268279
4719505
5911790
5911821
6127344
6081582
5755352
6192755
5956411
5755310
6574239
5682006
6374710
6518250
6561798
5425123
4851381
6120337
5944260
3189267
5901549
6609944
6364980
5317181
3995503
6532769
2069525
6359009
4108580
4313319
5864297
4031240
4766752
3378540
6334138
6221067
5306790
5058151
6574321
5313497
6250910
5945210
3201933
5839928
3242197
4837475
6164605
5102204
3346164
6265580
6101957
5911789
6812704
1666444
4695508
5903162
1854665
6875797
6918933
6966668
6966667
6966665
6968950
6968873
6968846
6968819
6968799
6966869
6966830
6966336
6966039
6927786
6907032
6897428
6969609
6964775
6806819
6806817
6960594
6967156
6967023
6966990
6960942
6960940
6945647
6945646
6964944
6942349
6942348
6942290
6942278
6959969
6926011
6925582
6925487
6961138
6961137
6961135
6961133
6961129
6961127
6658683
6658669
6658657
6689336
6671417
6212841
6958766
6959749
6958223
6954199
6956652
6956617
6957164
6957161
6957160
6957158
6957177
6954481
6959315
6959313
6959728
6950536
6951097
6950379
6956912
6956900
6956922
6956336
6956334
6947943
6947939
6948174
6948168
6954988
6955073
6955033
6955054
6955007
6954971
6948716
6948714
6948711
6950802
6950786
6837436
6837314
6837433
6837316
6830171
6702428
6686192
6686056
6948917
6949163
6944360
6950121
6945982
6946423
6946344
6946315
6946183
6939473
6939377
6947126
6939740
6939737
6947397
6947396
6884804
6884773
6884745
6697307
6947324
6946972
6946971
6937534
6937531
6937530
6927556
6927555
6888315
6884901
6888287
6888256
6885296
6885083
6722567
6722505
6651980
6719621
6719549
6719434
6719215
6717601
6888820
6725490
6725241
6722726
6717405
6717180
6888735
6888667
6886029
6884962
6888796
6717524
6943197
6943195
6943198
6944733
6944731
6944732
6944730
6944729
6944728
6944727
6945419
6945415
6877295
6877293
6877246
6877244
6907249
6907248
6907245
6941476
6941422
6941381
6941302
6808678
6808674
6917750
6834027
6834026
6710485
6710484
6710483
6710482
6710481
6686150
6907601
6907600
6940582
6940556
6937899
