# ALL — discovered 2026-08-01T17:49:35.377620+09:00
# combined new ids for overnight collect; unique=2478
# count=2478
4027050
6810385
6781113
4492040
3401108
6819926
6805258
6850738
6808083
6842606
6747075
6726380
4891596
6045635
6850759
6463410
6370977
4756325
6606207
6109239
6805243
6839271
6543427
6850841
6518898
6586166
6431153
3920644
6415687
6103286
5149126
6156298
2507488
6516237
6453704
2510196
4969899
5180505
6109260
4170414
4898914
6686138
4995404
3205726
3586427
4898835
6291474
4188523
1821755
4024222
6144358
6633290
5065578
4055771
5186596
6702125
6564214
6557147
6460336
4041327
6807608
6558705
6354954
6730487
5020211
5025604
4905829
6562364
4703553
6290134
6661240
6853538
6103340
6593096
6350644
6634031
4668060
6573673
4734393
6075608
6179698
5937170
6696080
5979880
4860170
4123649
6772138
6111911
6211293
6278959
6262642
6460242
6428866
6103298
4008316
5026615
6291556
6543526
3041958
6678136
6385502
6308259
6037178
6103284
3757134
6124023
4045185
6585845
5436366
6689434
3167984
6832146
4932483
4682246
6467497
6206009
6634023
4938276
6058096
4990664
3858441
4918848
4052645
6207994
6502246
6324677
6203854
6258110
5288355
5161025
6853568
4766558
5368999
5353139
6370967
6487971
6772140
6317949
3294589
5076470
2445794
6850884
6202348
6894420
2709228
6609858
6792083
4000089
6081292
5018211
4729987
6416172
6320922
6299612
5139961
6186426
6064531
4116995
5315296
6219022
6726079
5260084
5994063
6659439
5142137
6541551
4125333
4078445
5329645
6768420
6235439
6391691
6468370
5849033
5114507
6176034
6134468
6087271
4936661
4934384
6237394
6841401
6730836
6812676
6453863
6103287
6103306
4028239
6554041
1032580
5096348
5003891
6218111
6336682
5479980
6037861
6289334
6307599
5170641
6401658
3143786
6366784
6702448
4060525
6388224
6278962
6124022
6849602
6263413
6140524
5147112
4899079
6338533
2542410
6509635
6370721
6373536
5369031
6225258
6482003
2510589
6191646
4173491
6110329
4191127
3331419
6539133
6121812
6247446
6002230
6234189
5335287
3401107
6860149
4734357
6804398
5059800
6322955
6307390
6653485
6399043
5029822
3958950
6686098
5888191
6557143
6518998
2550443
3169979
5018976
6019435
3876779
6526842
4073330
3928114
5260075
6686122
6119282
3132887
4217991
6139656
3241753
4045201
4180093
6048841
6374894
4185756
6462727
4374422
1491139
5085967
559201
6356936
1437774
4883759
5213385
6392067
1090694
6475718
6201953
1040186
5995433
5068881
6350495
4860166
6103362
3042516
2005542
6202285
5984529
6103285
6129746
4998043
6688188
6064541
4030865
4883717
6573706
6466463
4934243
4897555
5169726
6154427
6045652
6270541
3271408
6029776
4913235
3261795
6300007
4899057
5054140
5977380
5937167
5095883
6468975
3858402
6806195
5008870
5884072
2606171
4073361
6164262
6586173
3758226
5991834
3666383
6577717
3877546
6449810
6579383
6202333
5944299
6633917
6529588
6468681
6385915
2668722
6541549
6515281
6686129
6604377
4980569
6722931
3252263
6475717
6168238
4779977
6294235
6730489
6370971
4943538
6222044
6260186
6404230
6634729
6143100
5026628
1466055
6281312
5204628
6853536
5149129
5064666
6265546
4146745
6387847
6278963
5094910
5905933
6428929
6467413
6237248
6155893
6359008
5123733
5036518
6410387
6210943
6103550
4860466
3989440
4918856
4655182
6327963
6381362
6326865
6146043
6502234
6408755
2461377
3182056
6227205
6291419
6680485
6654214
4893249
6372123
6110331
6221587
6176335
3989425
6632593
6592529
5973291
6581373
5162978
5849477
4403699
6716176
4970655
6551092
6085461
6203119
6634029
6201789
6642374
5253332
6487872
6271178
6317935
6002353
5104817
3325145
4336541
5017539
6112376
6537048
6122394
6727744
6154671
4845442
6669125
6437179
6608623
6743609
6102710
5090673
6213122
6386146
4120451
5025534
6156288
6702435
6702424
6686119
6890034
6686069
6842592
6830165
6830164
6964567
6959835
6959834
6966792
6966784
6950968
6950967
6950966
6940035
6940032
6940025
6965583
6969892
6968465
6968190
6968148
6966910
6966891
6966388
6966384
6966381
6966376
6966372
6969275
6968954
6968785
6968771
6968755
6968735
6968716
6968696
6968681
6968665
6968652
6968634
6968613
6968589
6968560
6968542
6968520
6968498
6968474
6968452
6968437
6968418
6968310
4782582
4782577
4782558
4782555
6966930
6966925
6927764
6927762
6940644
6940252
6940251
6961017
6961016
6969608
6969607
6969606
6969622
6969585
6961018
6966185
6966116
6966043
6965970
6968419
6968384
6968361
6968336
6967932
6966357
6966352
6964998
6964995
6964965
6964960
6964958
6964937
6964990
6964986
6964978
6964963
6964949
6964943
6967917
6967915
6967914
6967913
6967912
6806860
6806857
6806856
6806854
6806852
6806851
6806849
6806846
6968168
6968116
6968106
6967947
6967930
6967921
6967249
6967581
6956435
6956399
6956307
6956232
6955676
6967318
6967313
6942194
6942134
6942236
6942213
6919762
6880585
6967617
6967612
6967609
6967608
6967607
6967603
6967600
6967597
6966458
6966423
6966410
6966407
6966405
6966421
6966417
6966416
6966415
6966404
6903824
6960899
6965825
6965824
6965823
6965821
6965820
6965822
6959482
6959480
4782572
4782569
6890068
6890160
6890157
6890155
6890088
6890084
6890082
6890336
6890327
6890221
6890216
6890212
6890168
6890163
6890069
6890066
6890064
6890057
6965452
6942169
6942158
6895560
6518709
3098405
3793221
6812258
4299048
4096885
6820245
6686255
6772136
6809660
4989763
6518761
3287769
6532781
4816370
5127704
5167869
6425527
5386361
5007931
4210131
6809650
3793219
5363832
3970381
5908749
3794791
6816381
6004700
3069977
5060243
4258826
4270621
6371100
6652661
4035806
6308673
6053738
5050305
6469952
6830458
6813640
6197079
6253516
4995109
5135406
3758234
6149980
5215342
5190514
6145331
6145290
3119699
4826028
6805447
3919988
6192485
5306791
6608879
3054149
5264044
5023802
6844540
6499212
3276580
6164602
3939830
6363433
3599545
2708877
6466264
5363887
6616772
6543438
6020523
6291455
6552873
4816351
6152461
5877249
5048431
4072869
5980521
6329309
6652619
5061543
3174860
5911450
3054927
3899397
1311988
6038606
5860706
3513309
4471697
3815902
4766525
6382829
5142709
6620025
5513434
5911292
1525517
6038608
6374709
3437897
3048829
4237428
6410046
6499202
3757152
5849537
5944323
5755289
6642846
5045835
5964721
6535638
4084884
3792018
4973438
4948089
4125944
2124440
4863136
3140181
6014243
3268283
6419037
5146026
1388110
3758271
4169039
6239798
5309631
6110843
5627721
5030686
4061558
5026589
3866981
6065562
1844582
5829560
3256194
4918819
4110802
3203641
5957038
3148396
6897082
1478013
4033428
3989999
6255590
6120339
6178402
5773115
4030322
1985224
2112061
6170672
5067330
3246389
4066317
5964902
4034427
3134698
5335142
6499247
6666310
6102668
6795508
5064349
2734514
4161068
4927197
5007618
4072132
3859210
5334006
4912329
4308000
2602312
6614742
6244244
6251201
5328103
4148384
3839625
4898359
6610294
4757503
4761188
4216287
4556432
5898870
5290840
6415477
3535352
6239019
6702426
6344592
4925581
6285349
6610818
4613450
3908608
5323509
5919266
5897182
5320009
6582703
5902772
5908750
6489746
5416067
5998275
5025514
5175268
4908970
3260690
5877567
6111131
4642900
6894107
1312035
3575423
6317952
6641791
6038605
6049553
6192228
5849544
4441725
5396436
4787237
3098372
6566713
4695443
5354644
6029461
5339819
5131681
6450097
4221862
4716046
6571394
6322922
2578999
6014233
6307708
4831281
3214878
4258827
3274634
5921130
3975867
6084722
4725443
3859191
3983035
5382519
6102457
1466442
4456289
6248325
6143130
3153805
3271546
5265003
3346165
4405061
4137681
6499208
6235530
6307547
6530441
5928541
1477272
5899294
4894306
6191112
6129811
4993480
4467677
6225864
3467384
3029038
6235041
4011917
1296317
5476618
6518792
4913953
6539131
2192757
5114234
5417909
3268279
4719505
5911790
5911821
6127344
6081582
5755352
6192755
5956411
5755310
6574239
5682006
6374710
6518250
6561798
5425123
4851381
6120337
5944260
3189267
5901549
6609944
6364980
5317181
3995503
6532769
2069525
6359009
4108580
4313319
5864297
4031240
4766752
3378540
6334138
6221067
5306790
5058151
6574321
5313497
6250910
5945210
3201933
5839928
3242197
4837475
6164605
5102204
3346164
6265580
6101957
5911789
6812704
1666444
4695508
5903162
1854665
6875797
6918933
6966668
6966667
6966665
6968950
6968873
6968846
6968819
6968799
6966869
6966830
6966336
6966039
6927786
6907032
6897428
6969609
6964775
6806819
6806817
6960594
6967156
6967023
6966990
6960942
6960940
6945647
6945646
6964944
6942349
6942348
6942290
6942278
6959969
6926011
6925582
6925487
6961138
6961137
6961135
6961133
6961129
6961127
6658683
6658669
6658657
6689336
6671417
6212841
6958766
6959749
6958223
6954199
6956652
6956617
6957164
6957161
6957160
6957158
6957177
6954481
6959315
6959313
6959728
6950536
6951097
6950379
6956912
6956900
6956922
6956336
6956334
6947943
6947939
6948174
6948168
6954988
6955073
6955033
6955054
6955007
6954971
6948716
6948714
6948711
6950802
6950786
6837436
6837314
6837433
6837316
6830171
6702428
6686192
6686056
6948917
6949163
6944360
6950121
6945982
6946423
6946344
6946315
6946183
6939473
6939377
6947126
6939740
6939737
6947397
6947396
6884804
6884773
6884745
6697307
6947324
6946972
6946971
6937534
6937531
6937530
6927556
6927555
6888315
6884901
6888287
6888256
6885296
6885083
6722567
6722505
6651980
6719621
6719549
6719434
6719215
6717601
6888820
6725490
6725241
6722726
6717405
6717180
6888735
6888667
6886029
6884962
6888796
6717524
6943197
6943195
6943198
6944733
6944731
6944732
6944730
6944729
6944728
6944727
6945419
6945415
6877295
6877293
6877246
6877244
6907249
6907248
6907245
6941476
6941422
6941381
6941302
6808678
6808674
6917750
6834027
6834026
6710485
6710484
6710483
6710482
6710481
6686150
6907601
6907600
6940582
6940556
6937899
6764055
6787113
6129637
6778754
6618035
6841410
6823708
6843879
6294035
6772482
6840151
6696990
6753043
6545097
6747029
6403719
5896762
6237554
5176092
6876277
6773388
5429767
6675227
6797751
6566770
5129508
6199864
4129489
6638492
5034188
6435206
6736698
6317272
6033442
6591029
4120242
6843889
6535953
6233850
6649403
6790187
6401851
6458180
6138785
6215890
6376115
6506680
6441266
5397926
6471338
6053855
6276012
6355786
6430803
6652062
4651594
5134322
6209219
6075280
4661063
3990241
6566767
6146506
4351032
6333655
5034638
6786580
5969551
6764713
6458366
6566769
6218535
5661635
6204374
6771740
5901420
6617244
6702333
6020699
3126011
6535710
6376059
6304006
5466467
6696915
6346231
6170315
6082289
5128645
3863303
6429007
6663058
6161234
5795968
6202437
6596322
6833087
6148763
6260453
4629841
6313794
6263268
5901405
6278279
6755261
5913236
6453435
6226809
5042262
6508556
4748667
6778744
6007618
6591855
6359181
6276056
6755320
6020611
6746165
6548127
4984059
3167231
4322503
2618780
6530834
6455169
6693832
5905279
1356896
5180543
5763372
5152944
5158310
5977777
5901423
6596367
5273068
6345525
6506683
6686205
5404516
5886093
5047806
6336149
6063262
6322098
6446833
5104674
6468600
6215897
4055684
2359698
4982374
6617243
5049615
6417374
6453379
5034189
6316763
5076047
6155564
6675983
5661658
6220843
6192632
6376055
6366020
5002044
6075283
6608003
6305498
6136093
6067431
6635265
6081978
6331625
6455833
6668086
6405582
3927652
6354904
6771343
5012916
6409751
5114159
6274606
6717067
6843814
5910915
6289290
4991568
6208431
6169567
5155214
6263219
6408128
6486267
5262178
6403701
6109102
6243819
6349754
6118031
5348207
6021383
6407643
4113274
5947567
5128230
6739490
6434041
6507744
6000058
6471365
6786724
6044374
6823709
6295936
6192240
6215886
5386320
3927982
6769983
6579994
6809735
5979519
6263727
5139026
6527895
6299856
6562504
6752572
5110280
6423686
6516709
6278373
6822849
6543594
3753648
6366188
6263410
6384787
6485121
6221959
6098015
5657930
3753652
6385509
6686959
6443868
4078170
3845218
6382095
6504794
6751901
6135867
5128594
5020236
6285428
5182814
6445257
4899346
5937241
6646068
5111698
6669522
6340253
6483557
4993162
6195800
6753245
6046291
6025816
6609718
6147464
6435241
6376180
6149047
6650963
6745477
5029718
6427715
5034544
3248961
6468649
5026714
4083115
5043299
3283586
6753916
6618252
6658469
6041984
4655652
6242988
6670565
4900216
6652170
6418582
6840153
6873131
6386831
4959149
1465444
6295937
6402951
6162377
2416455
6586467
6423771
6446888
5246896
6616076
6778709
5762281
6152326
4191838
4154150
6249391
6427877
6070370
6366066
6317480
3956456
6253553
6843694
6342752
6208913
6786575
6291641
6168014
5052512
6291397
6328637
3955329
4651561
4836679
6296292
4093284
6155575
6435703
6480787
6918902
6686241
6686094
6744812
6686142
6968180
6968141
6968025
6967948
6967121
6969175
6968979
6968908
6968564
6968392
6968352
6968299
6969456
6969417
6969369
6969254
6969210
6949196
6949137
6949232
6949308
6949307
6968705
6968704
6968702
6968700
6964320
6964319
6964318
6940062
6959019
6958929
6940060
6951077
6951069
6951063
6946314
6903637
6965248
6966396
6966393
6966386
6969285
6969267
6966616
6966599
6948541
6858383
6968395
6966922
6966772
6965731
6967287
6967804
6967800
6967797
6967802
6968220
6937825
6937760
6877294
6877281
6941153
6941151
6940645
6951120
6967475
6967401
6967292
6966245
6964954
6964940
6964991
6964984
6964976
6964970
6964967
6965001
6964951
6959015
6957919
6957879
6957709
6957673
6957610
6957551
6957447
6957192
6959041
6957123
6960149
6960034
6968744
6968742
6968726
6968722
6968559
6968551
6968549
6968547
6949199
6949326
6949173
6949171
6949278
6949275
6949188
6949213
6949126
6949336
6949331
6949327
6949319
6949316
6949177
6949342
6949339
6949315
6949313
6949211
6949208
6949274
6949272
6949266
6949195
6949184
6968508
6968505
6968139
6968135
6968123
6968158
6968155
6968150
6968147
6968145
6968142
6968140
6967706
6959505
6959503
6959501
6967433
6967432
6967430
6967428
6967421
6967419
6967415
6967414
6967412
6967406
6967404
6967402
6967385
6967384
6967268
6967199
6967178
6967176
6911310
6880293
6942595
6942751
6942657
6771752
6959552
6959550
6960978
6960977
6960976
6960975
6890038
6890016
6890009
6890007
6890005
6889938
6965622
6964782
6964766
6960724
6960706
6960653
6958790
6958752
6959222
6959091
6948562
6940197
6959882
6959777
6959976
6954468
6961111
6961107
6961100
6967704
6967664
6967282
6967242
6967207
6966926
6966923
6961142
6961140
6961139
6961134
6961130
6961128
6961124
6961122
6961118
6961116
6961112
6961106
6961077
6961066
6961058
6961041
6961025
6960965
6960948
6960914
6960872
6960811
6960755
6960709
6960374
6960336
6960290
6960204
6960164
6960092
6960015
6959818
6959787
6959718
6884060
6884058
6884057
6884055
6884053
6884048
6884046
6884042
6884039
6884036
6884035
6884033
6884031
6884028
6884025
6884021
6686130
6658687
6658681
6658680
6658679
6518672
6518671
6518669
6957566
6958997
6958987
6955934
6954677
6954675
6958842
6696074
6696072
6959893
6959880
6959842
6956871
6956863
6956829
6954467
6954466
6954465
6958871
6957175
6958712
6958193
6954507
6955754
6939176
6950713
6958993
6958971
6958957
6958982
6958939
6937856
6937707
6951103
6951101
6951111
6958172
6958171
6955787
6955723
6949908
6949783
6955685
6954894
6954776
6950715
6950088
6949676
6948647
6948641
6948668
6948662
6948660
6948658
6948655
6948674
6948652
6958016
6958012
6958006
6958002
6957999
5139106
6799695
6755506
6842884
6753906
3070323
1945314
4101711
5964359
3868162
6633819
5010751
5562241
5170138
6336948
2273549
5156702
3730366
3851323
4430592
6799794
6301702
5337147
4876192
3753631
6266461
6275096
5848609
6839922
6322086
5290236
4970624
3870345
5252900
6274556
5984154
6507725
3170559
5259101
6376261
4045171
6032712
6798899
5594139
4639208
5442400
6435220
5395433
4823217
5966175
5743668
5043300
4001402
6292196
6626524
4724236
6519732
6464044
4949316
5399055
5795926
6303991
5768113
6275094
6482250
5753643
6261761
5336697
5742603
6043962
4719618
4796404
6209957
1960628
4481761
5139107
6645949
3757224
3075503
6477606
6224614
2448894
4546937
6259843
5946715
6507995
5885887
4912932
4991585
6778621
3730408
5920485
5984255
2552603
6081212
5155126
3968232
3920758
6235402
6372167
5909068
6292224
4094073
5115200
5834482
5166593
5273888
4781207
4629965
5905039
3758425
6089428
4786390
6075635
5237831
5795927
6297968
3911993
6227038
5946669
5500701
6276334
6128728
5948751
5859122
5480110
6359631
4696427
6842888
6030756
1350362
5011107
5946692
6536362
4421581
5180811
6660138
6593848
5875523
6032713
5768117
6112166
5768114
6416213
4776185
6645944
5098835
6145321
5938980
6554709
5537853
6505367
2498296
5338367
6586795
6464337
6333727
6108696
5366193
6241216
6658418
6325590
5004277
5492697
6199728
1376515
6452661
6029408
5892071
5092380
6679684
6182472
6309747
6497682
6526596
5242252
6763146
6143984
5342544
6305503
5290871
6446799
5071014
4109771
6106772
4044110
4116246
5728595
5236479
6056579
5322174
6120737
5590465
5978557
4062156
5972541
3134762
6173539
6608559
6221765
4973383
6298002
4798431
6695612
6621663
3229481
4037186
6518220
6810137
5952226
6796513
6109113
4231434
6286298
3757218
6017403
5132747
5768116
5859116
5010750
5077795
6047357
6323146
3984355
6314160
6754129
5290873
6414319
5933524
6148748
5098042
6154164
5037817
6440381
5381244
3304039
5444308
5849532
6230371
6393514
5007635
2775784
4327580
6080486
734316
2396607
3751709
5076378
6431640
6336116
3048629
6586813
6120966
6636440
6115419
4823461
4200529
4006691
6394085
6363246
4800314
4319205
6081592
6305414
6026930
5928448
5081123
6118217
4841127
6267433
3139448
3902778
6034008
3298760
5768119
5824389
6432356
6532788
4723174
6478478
5487571
5035861
6122319
6398425
3271512
5413152
6092187
5911291
5086830
5953457
5180219
5835471
6686179
6686104
6686065
6968405
6949131
6949185
6949141
6949256
6949253
6949251
6949243
6949239
6959013
6958897
6958149
6696322
6696314
6967952
6941822
6956089
6947630
6937810
6959720
6959676
6959645
6949264
6949262
6949169
6949325
6949129
6949217
6949511
6949258
6967400
6958826
6958823
6958822
6942687
6942679
6945644
6945641
6960974
6960973
6957555
6957550
6957549
6957554
6957544
6957543
6957541
6957539
6957537
6964798
6959362
6959016
6959265
6959224
6959211
6959156
6959073
6959052
6959448
6959240
6960200
6960109
6959997
6963133
6963132
6963131
6963128
6968099
6967966
6967951
6967821
6967744
6961159
6961098
6961090
6961082
6959389
6959331
6959189
6959130
6959093
6959001
6958521
6956562
6949523
6956038
6956006
6917094
6917092
6917091
6917090
6958098
6958094
6958090
6950534
6950532
6950531
6955696
6917098
6669710
6669594
6948156
6950856
6950847
6950765
6834839
6834845
6834843
6834838
6834822
6834832
6834830
6834829
6834828
6834826
6834823
6834817
6834816
6834814
6834813
6834811
6834810
6834833
6834831
6834809
6834808
6834842
6834841
6834837
6834836
6834834
6834846
6948410
6948973
6948815
6947376
6946070
6946251
6949631
6949601
6804958
6949569
6949550
6949533
6949503
6949483
6949468
6949452
6949439
6949425
6949412
6949401
6949381
6949363
6949346
6949320
6949300
6949271
6949249
6949223
6949616
6949566
6948969
6949197
6949167
6949138
6949117
6949102
6949086
6949066
6949044
6949018
6948988
6947947
6948192
6947426
6941766
6941684
6941253
6940459
6940374
6947412
6947411
6947414
6937574
6937573
6937570
6937569
6937576
6937575
6937511
6937510
6937506
6937488
6927552
6939452
6945257
6945254
6943285
6944513
6944505
6944546
6944538
6944530
6780625
6945251
6945250
6808409
6808406
6816028
6711646
6939115
6918039
6937699
6940888
6940873
6940660
6940648
6940498
6940494
6940615
6940518
6940515
6918964
6940058
6939695
6939691
6938162
6918003
6896785
6929233
6929224
6896852
6896848
6896788
6938925
6925039
6925038
6925037
6925036
6925035
6939199
6939197
6939180
6938921
6938919
6938916
6938914
6821594
6821592
6821565
6938901
6938899
6937993
6937987
6937986
6937983
6937982
6937971
6937964
6937955
6937937
6937916
6937914
6937909
6937857
6937722
6937502
6937499
6661529
6661551
6661421
6661404
6661386
6937063
6937059
6937249
6937166
6937165
6937164
6937132
6937096
6912707
6912697
6912156
6912145
6912112
6901458
6901447
6912889
6912750
6912741
6912737
6912895
6932944
6932942
6932940
6932938
6932935
6932932
6932930
6932928
6932927
6932851
6932848
6932774
6860999
6860906
6933423
6933398
6931865
6936291
6936194
6936825
6929085
6929083
6929969
6929968
6931055
6930227
6936021
6936002
6936000
6934426
6934423
6934418
6934411
6918042
6917986
6918016
6916610
6916606
6930711
6929979
6929971
6852839
6799773
6660269
6929896
6927524
6929206
6928405
