# FEMALE/pique — discovered 2026-08-05T13:00:45.034218+09:00
# have=7 need=135 oversample=1.45
# count=135
6390606
4897679
6523455
6208753
4448521
5083349
6243484
4322229
6275110
6196208
6446896
5067691
4650622
4317355
6109223
6650971
5671211
4188027
5025072
6196210
4785520
5036596
6243486
6832492
6575368
5795877
6208754
6650973
5060847
6357285
6402878
6339981
2329472
6238452
4032885
4061693
6390577
3052665
6572205
6601237
6686188
6330086
6390602
6000937
5035835
6260179
5187320
5067538
6076814
4869453
4964601
6037714
6122799
6243760
6609813
4025024
6805342
6411008
4851642
6726766
4115346
1319217
6716697
3417203
3877979
5077286
6235172
5059811
5059161
5161135
3937957
4025022
6626163
6192203
4896080
6593750
6684709
5051973
5259785
6685866
6542145
6668119
5059019
5026055
6146403
6326913
5142891
6444880
6859836
4825749
6686525
5059812
6446801
2703360
4842883
4083103
5871010
3363151
5059148
6295934
6049774
6832563
6088926
4590352
5646263
6593748
5090244
6668117
5091551
6021390
6444878
4706583
4836808
2666635
6627936
6434801
6093824
6614073
5139943
3234143
6700323
4119973
6053980
5075756
5026022
5081290
4147012
6411330
3174927
4881853
6146534
5195701
4873413
2477873
5952202
