# FEMALE/outer_blazer — discovered 2026-08-04T21:36:13.739785+09:00
# have=0 need=290 oversample=1.45
# count=290
2398609
6026203
1803462
4619961
5721303
6071296
4619968
6071295
5721306
6267835
4619967
2398613
2398618
6183919
5721304
6071297
6761638
6821314
6023047
3925294
6583231
6071293
6153908
6276122
5436618
5148673
6658511
6117491
6109898
4088778
6349550
3667808
6627335
4101708
6291653
2977829
3845890
1163694
6208579
6262104
4898979
3545597
6175856
4340964
5688669
6176047
6506088
4495740
5112751
5680138
5966793
5436773
4737423
6063785
6109899
1343223
5569132
4939760
4923007
6355264
4516978
5474388
6752176
6461250
5016027
6372541
6768692
4744793
5537345
6658514
5978219
5314462
4021026
5294299
6491368
6055903
4898980
3801401
5041060
3346279
5569127
2611972
4211920
5436314
4482683
6763918
5474395
4736724
6044756
6101557
2552323
4421355
6223868
5984094
6476945
4871076
4170886
6276119
2561829
4909602
6314925
6308757
5911065
6016393
5936140
6491363
5680137
5269565
3883010
5408689
3621527
6109902
2212131
5524691
6695029
5472187
6366527
3518607
6033607
6552920
5659954
3655387
5837775
6488276
6016904
6476965
3153689
3491361
2264626
5474983
6421488
5970943
3120495
6271344
5674911
2577746
4344925
2475582
5138186
6065209
6068622
5537335
4489508
6185531
3078392
6098530
4803767
6314915
1925066
5406400
5071852
2378261
1843538
4807661
4341575
4568064
6016385
5512329
6014063
5269578
2566241
4746319
6069282
5668600
4604936
6207702
4765920
6026117
6269220
3728623
4800425
2803462
6061185
4422844
5430960
5537337
3528447
4589203
6070153
4661744
2369566
2515625
3759494
3445521
6276114
5688663
3892484
1163713
6349548
3141107
6208588
6016383
1830588
4327482
3473014
4876563
2143680
2975654
5947122
5467441
4594663
5524726
4341584
4562634
3356702
5223869
4850429
3242368
5735810
3829128
4461527
3969635
4613200
5783345
3110769
4293634
3815622
3516496
5589233
4684396
6031000
2918791
5469457
2316102
2412022
5653720
6314919
3192588
5853646
2140239
5783195
6493126
4741542
5469704
4753215
2803470
5688675
4346668
2790686
3221783
5603933
4789185
6208580
4906767
5966797
6069284
3868849
6568932
3481069
5520853
3571965
5967755
4854223
2803468
5554558
2834323
5471621
4327432
3730329
3759514
5737492
4435395
5315256
4783190
5315195
5600004
3642699
3825716
4489631
6013758
4432652
5136022
4768175
4388001
5373371
4344911
3815665
4112944
5586184
3092778
4488381
3120499
5947111
4610870
4922913
4782706
4021025
6062510
5484892
3889237
