# MALE/sweat — discovered 2026-08-05T12:58:23.333172+09:00
# have=11 need=420 oversample=1.45
# count=420
6919678
5952288
3893375
4486865
2712940
1181804
4341042
5935689
2971762
3106860
3746197
2080488
4425071
5391597
3586424
3452818
5276013
6833519
6796734
5424480
5892077
5234485
6710490
1755605
3536439
5507051
4488739
5450979
4833651
5892080
2738737
1546554
6079944
4347448
6786647
5644596
4519243
4488738
5874448
3452820
4937398
5903188
3526049
6925777
1777064
5892106
6796737
5507045
5303859
3558981
2089168
2375630
3213624
3450007
1336836
5320213
4375639
3792776
3452824
3452816
1015441
6004892
5303847
2760743
4555886
5392354
5693698
5461830
3578496
2902978
4647977
4853248
5031873
5320206
5098273
3065049
4735374
4284931
4194252
5937496
3521565
3449952
5303840
6538210
3635627
1776790
5339767
6034870
3544909
4342389
3496145
5391215
5607703
2359612
4696751
3840779
3955821
5320372
4829034
4311190
3515439
4837797
3546125
5278662
5276014
5401670
3496316
5853511
1767051
4796510
5992351
5736664
5303804
4284930
4759617
5918867
5289709
5098274
4723628
3095195
3807591
4732041
5330289
3596953
3211645
5320371
2990339
6006339
3856152
3856088
4555874
5758216
4467156
3511890
5371250
4699105
4311245
4696305
5794176
6325031
5424588
2627088
1015442
5892087
5892102
2721684
5609833
5434673
5530615
5845240
3869928
5009061
4408067
1817394
3814011
5533904
6644899
5549714
4772746
4717336
947067
4398964
4720007
6066342
3444727
5593070
2778748
6437992
3788792
2990274
4813394
5320207
4773033
5513380
5794398
3866801
3870317
3856137
5839911
5774864
5296593
6131586
5317232
3857477
5791804
3475395
3480061
5545674
5696413
3856182
3460187
2112357
5380184
4717337
4588856
5349730
6059167
6107541
6060219
5936079
4492501
4385261
4333531
1593952
4771530
4645636
6014129
5581441
4826318
5457677
5320373
2874404
3174978
5448058
4853290
5407762
3511894
4376225
2954448
3608918
5045428
3875153
4387136
5984689
4273485
5542848
5380520
3496997
3826202
4467105
5436779
5864181
1819766
4772988
4987373
4675273
5543992
5371528
3542260
4499836
5473659
5873337
6005154
3925712
4580137
2760744
4896473
4548492
3167247
661290
1755609
2795210
5990656
4419670
3547239
6129697
5289615
4258349
5671263
5992354
4649193
4328099
2990264
1768749
5303852
4858278
5446516
5493711
5816449
4681702
3786552
3496995
5320214
5893867
3061824
5370954
4705754
5432349
3847702
4372569
4263902
3400338
2710898
5477433
4822301
3747436
5960657
5684462
5514317
5355751
5339762
4785494
5497241
5581465
677745
2756210
4423149
3788799
5782104
5563898
5788551
6119186
3597255
5333367
4993218
4935384
3850433
4849130
708043
2359443
4566658
5382597
3031343
5074876
4283359
5450027
5060766
2763912
5736668
5351905
3586425
6043859
2478042
3633012
6881012
2627087
2083415
5417294
4959989
3592170
6269017
5873492
5488875
4376211
3452825
2766957
4311183
3627744
5956029
4296246
3803871
1198762
4312792
5327539
3048396
4739451
4837804
1683388
3546288
6200123
5371082
4650274
4532900
3771327
6796717
5892091
3550022
2349446
4272768
4671144
6839990
5349732
5974205
3769087
3574305
4380717
5289620
5396594
5333609
3792333
5899699
5547313
5320202
636964
3832064
4365834
6359177
5291758
4808864
5493726
3607627
3427928
3589967
6093200
4593625
6019872
3049682
3439054
3624532
3844940
3452817
4702430
5320209
4465297
3824219
2977680
2682838
4106736
3597656
5317231
3856113
4455780
4566659
5920464
1769424
6119185
3543108
1582356
3682659
4346255
5436695
5736674
6653804
4377775
3470502
5467194
3917632
3624533
6278681
4372568
