# MALE/tee_ss — discovered 2026-08-05T12:57:59.771641+09:00
# have=332 need=244 oversample=1.45
# count=244
6896783
6816108
6850912
6762469
6175867
6121811
6812100
6539117
6016865
6858118
6347970
4798854
4794103
6285224
3046771
4899028
4048003
6561365
6453106
6731033
3202529
6654291
6806506
6929983
5063546
6562666
6453794
5233455
4866572
5009088
4241147
4968510
6155881
5023417
6906711
6078742
6675225
4042967
6143102
6117768
4953186
6833448
6812261
2004196
6197075
6288991
4887676
5251491
6192530
4825551
6157355
6205180
3182323
6853485
6460286
6481298
4192909
6427780
6164279
6165365
5056712
6011069
4998040
6722988
6507901
781903
5037585
6386116
6178774
6593921
6425831
6116035
6363408
6287533
6562695
3172450
6704378
6590793
3996347
6281311
6834509
5641511
6562643
6577726
5972144
5072427
6218431
1849317
6318206
4180786
6007567
5180667
6245413
5077963
6498017
4799742
4361423
6238769
4407567
1828020
6176376
4968711
3074115
6237270
4353764
6254952
6245773
6707785
3142995
4821155
4786206
6310114
6428915
6359006
6404445
3911309
6037080
6002476
6526272
4167495
6708755
6475713
4883719
4168774
5946454
6202164
6225265
6291481
4823731
4978899
6286440
6385630
6186543
5011607
4992967
5213383
6545022
6134251
6260159
6324638
6450767
6583008
5109629
6291361
6183506
6416994
4905889
6554502
6859456
4655201
6715472
6176114
6615536
6659865
6659876
5841324
6376241
4135672
6546958
6604520
6518209
3270021
6616913
6093794
6646040
4147228
3809451
6544964
6638236
4040457
4400127
3996351
4041224
6165366
6437318
6164261
6462730
3396440
5921350
6424500
4953179
6391412
6294241
3535317
6165872
4991849
6401050
5864052
6689710
6175726
6616254
3185939
6176174
4112489
6832131
6373443
6225256
6688187
6241612
4038649
6723404
6458099
6397588
6812285
3210504
6331551
3936746
6644697
4241149
6312919
5071611
5033156
3894116
5915568
2611627
6341271
6470022
3905969
4834586
6145794
6686127
4984741
6388598
6638591
6087290
6191584
6156279
6805563
6272545
6481809
6586108
6482881
5849460
6533070
6116300
6388222
5895087
4033258
6228621
6121720
6424720
6154802
6049354
6539121
