# FEMALE/jogger — discovered 2026-08-05T13:01:32.184782+09:00
# have=96 need=224 oversample=1.45
# count=224
6253671
4651469
5303584
5993043
5450202
6593511
6799799
5322287
5886749
5366886
6209684
5444258
4608708
5399360
6314159
6562520
6436972
6176053
5398073
3926001
5506959
6103413
4719637
6631769
3337501
6317827
4768310
4423694
5909352
4896303
5969253
6743665
6146202
6729879
5119965
6432955
4317754
5224294
5795925
6292222
5102268
5906086
6693187
4462807
6427679
4812639
6437345
6366268
5506964
6017182
3753635
4358136
6407751
6403635
1350363
5290038
6694431
4101457
5816498
5796523
6444394
5801960
3854089
6464389
5713317
5938990
5523528
5626703
2602190
6009405
5296368
5754102
6414327
6156528
5409520
6562523
6399735
6006734
5429151
5409522
5891351
4319462
6129385
6120781
6331923
6808295
6133319
6584678
5920745
5134376
5931125
4322581
6331366
6014450
6092188
4167481
6331917
6506581
6592298
6778623
6411287
4480266
2602191
4797842
6262222
2978126
5999944
6023365
2818150
5301107
6464408
5654862
6392594
4696395
6271023
5838788
6120989
3060318
6314156
2820939
6506580
6423951
3757225
6369220
6128967
6314154
4946279
5762402
2978125
3891625
6354251
6445380
5875418
6262154
6301284
5732801
4756305
6369230
4719641
6449619
6613214
4651432
6445368
4896301
6021141
5911354
6596525
6446797
3753634
5523524
6331925
2762098
4891444
2574131
5757228
5322289
4708823
4157376
6049173
6366359
5603113
5792006
6371083
6308706
5859312
5626702
6300048
4319460
6114126
6038910
5876373
6506701
4977726
5885135
6593515
5944340
4891439
4651430
2598900
4723172
6217194
5002079
6120582
5962955
5290239
4719642
5743669
6440361
3970396
6194565
6659560
4959177
2818152
5997612
4651464
6654517
3757223
4639126
3051026
6056238
3460132
6079822
3509691
2978123
4077744
6056239
3118853
6644274
6737438
6805304
6691534
6795527
3460127
6754069
6737891
3753632
6359158
6072822
6743711
3534070
2820940
4719206
4319459
3651007
