# MALE/shirt — discovered 2026-08-05T09:02:50.910418+09:00
# have=91 need=449 oversample=1.45
# count=449
4038955
6841696
5085956
3926599
6481945
6259703
1310549
5418090
4045183
4898898
6270540
6103360
4143736
6381410
4999831
6399085
4899062
4672721
6236883
6459293
2496697
6324716
6462061
6403017
5110025
6637668
5940691
5054271
6254131
6158959
3290710
3758321
5042006
6585890
4061679
6401724
6386144
6678957
4313380
6807816
6038635
5097939
6204144
4118673
4425073
4797203
5951519
6435482
5161031
5970083
6562381
6482045
2454241
3281664
5985877
6278960
4898938
6103334
6606574
6237008
6398812
6351433
2030142
6463419
5979845
6400611
6652898
6585953
3758313
4695984
4711502
6676150
6270505
4220385
6291892
5023840
5186537
5914130
6323371
3904779
4705635
6162243
6401726
6262846
6558697
6459718
6313729
6187691
3430728
1474596
4827301
5090683
6386043
6375101
6468783
6140629
5966123
6287132
4899074
5023735
3793612
6402961
4788205
6703386
4910733
6108854
5071838
3268090
5013322
6291885
2542273
3950679
6156272
6634311
6286372
6110854
4118745
6693891
6585886
3800491
4357228
2406919
6435483
3856743
5733975
6187550
1045017
1033853
5054272
6451452
3758341
5065574
994588
4968582
6270421
6254140
6326872
5011458
3758203
4798760
6046317
6558711
5030409
6585959
5983379
4987284
6107839
6086085
4982021
6091036
6406754
6187639
4572597
6317934
6286371
6262656
6315189
6406692
4041509
5169131
5627632
6428581
6385585
5940738
6158170
6221339
6401723
5004467
6580331
6212885
6481982
4165610
6277980
6291836
4948182
5163312
6120228
6317504
3269888
4934244
6646268
5253326
3321836
3889891
6038634
4960613
1965345
6270603
4969880
5996800
3562068
6378718
6237040
4889237
6385584
2312248
6094367
6401661
4227399
5896791
3994495
6324704
3958932
4072506
6326879
6221328
4894377
6415454
4898958
6221825
6656611
6386148
6136256
4969869
5186518
6367413
6451238
6652871
3054408
4143711
4982924
5100406
5689284
4227448
6339810
6352233
5118215
6398739
6401656
5275916
4434991
6000433
3962553
2454238
5306431
4968925
6041644
2312232
4045192
3758227
6518969
5058587
4454703
6221618
6158174
6208841
6362529
4911299
6810477
6308657
4041510
6324710
5082332
4160170
5983378
6086807
4898927
2578510
4103033
6337110
3958908
2093491
4111384
2019619
6062895
4757740
6175860
6365744
6317950
2364807
6495851
6518958
2578564
6323388
6262054
4135366
4642893
5008323
4073216
6038636
6330737
5913494
4728960
1962905
4134603
3312549
3791891
2312250
4672723
6254113
5251282
3110272
6307747
6382619
4041686
4137617
6399901
6154673
6187592
6435491
6086964
5179769
6652860
5003905
5047524
6391150
6401660
4989739
2489035
6637684
3153126
6481983
5485368
4630924
5985880
6378681
6262041
6385536
6338681
6322878
4989734
3153181
6421557
4077724
6624713
4695977
5120935
3201672
4036295
6501273
4596161
4748506
4000066
5038562
4172293
3757135
6262860
5140836
6518982
6407715
6136075
6401663
4109118
6156276
6625569
6154425
5913401
6324256
6174281
5076469
6308627
6415231
4306299
4675970
854337
4848059
6291829
4111378
4145298
6213239
4695953
4227389
6408761
6022046
6437037
2005113
6257536
5002356
6755711
5092131
6402162
5176038
4969889
6574305
4988353
6386044
6080555
6656609
6103351
6398784
3880012
5037933
3859226
5026626
5161704
3320325
6108172
6399926
4705470
4073977
5084325
4910318
3293698
2312249
6290687
4756380
5922022
6000434
4099790
6244472
5990312
2445804
6574159
6678954
6317933
5289769
6313806
6296427
5038568
1706633
4833555
6526958
4226976
6359278
5069455
6230383
6324691
6626576
4434539
5004964
6459720
5287554
6257542
4695972
6057013
6625560
6120586
5120891
6113491
6317481
4111388
6340119
5089932
6005931
6255768
4045330
3757139
4786236
5435288
3758305
5890409
4761133
5110954
4988399
4833558
4777529
6103354
4758133
6109150
