# FEMALE/sleeveless — discovered 2026-08-05T13:00:51.313120+09:00
# have=51 need=144 oversample=1.45
# count=144
3135348
6696953
6305497
6148771
6515856
6388536
6291156
6068887
6488994
6460258
6494167
6218356
5236380
5106953
6453418
6372880
6135710
6309268
6274153
6305499
6221811
5626733
6383395
6156576
6591392
6481431
5132734
5980281
4189916
6613599
5231050
6596374
6619566
6617124
6471927
6566619
6388530
6457595
6260451
6515528
5572474
6495827
6068897
6026883
4928135
3948982
6099948
6394453
6453420
6461589
6699584
6479402
6535170
6263282
3135346
6396472
6629913
6702095
6716197
4642744
6278974
5991496
5187993
5036078
4747692
6301940
6162824
6105962
5293212
6541502
5086915
6638883
5176088
6427861
5129846
6369170
6497185
6148759
6428890
6211101
5626452
6040952
4651475
6191294
6393527
6000646
4653354
6460264
6450266
6478004
6394437
6183459
6242818
6591372
6526266
6342714
6320631
6369160
6326132
5249206
6400459
5050974
6653347
6331557
5695806
6541505
3753038
6477394
6662943
6263280
6441018
5170153
3135341
6472869
5052972
6346292
6190951
6164807
6534257
6651290
5163079
6479404
6666756
6723954
6638879
6341730
5058820
5977716
6128574
5764107
6457560
6646020
5094103
6222506
6174733
6170807
3863280
6251046
5102915
6593926
6211099
6361801
5043956
6506681
