# MALE/pique — discovered 2026-08-05T12:58:40.616560+09:00
# have=14 need=270 oversample=1.45
# count=270
6686058
5023905
6204872
6411626
4873784
6204946
5041097
3241779
557450
5169463
6003424
6245702
5986640
6252699
4963859
4873767
5025079
5125142
6411581
5005313
6374912
1404736
1848790
3983705
2461372
5986644
1871984
4057674
1031260
6063471
6849281
6437266
6543374
4992652
1387524
6619105
4825606
5044395
6336958
3274144
6252813
4642703
5106868
4024549
3735784
4934383
6619104
4842876
5005669
3875398
6486728
6136489
1959696
6158150
5167611
5135266
4935967
1882578
6463972
6462759
3998728
6336736
3941207
4103682
6123070
6074831
3060525
6617037
6399233
4993420
3273391
4842878
4964012
6316060
4939651
6463973
4993412
4233888
6179578
6257492
6374891
3195217
4971510
3894220
6821713
4821816
5967486
6204711
5086683
2452871
5091789
6179579
6149037
6252745
6201353
6046710
4905906
4932485
6575456
4983439
5016863
3302765
6316063
1498093
4044428
6333370
5098563
4983003
5077935
4693117
4923323
1947063
6289401
4253607
6361607
6554476
4024553
6048250
6125591
6419262
4921693
4281859
3223014
4993417
3875401
4993423
6177542
3274323
4046111
3075261
6216245
6146048
5022401
6518234
6205057
6617038
6093471
5167468
5050446
1387960
4887689
3998732
4993416
5167500
6174238
3993965
4890071
6575260
6201359
5091790
6243321
4939660
6463246
6066902
4251404
6317484
3075262
5015111
6102737
4805063
6089744
3075264
3195215
4935968
6617040
4693116
6516858
5718868
6203503
4175773
3559641
6864325
4903312
4024547
6317477
4875158
5259402
4921264
6864379
4012074
6177193
1911512
6086383
1939727
4735825
2491348
4050692
6317917
4048033
6804715
3238263
6790334
5107456
5192282
4783293
5130070
6790340
4898787
3783924
4129471
4887343
5045665
6288332
4769153
5034416
6749055
5133396
6311609
6160000
3971738
4898786
6798058
4903521
5073478
6038093
4983949
4917873
6529343
4980635
6855641
6790337
4765969
6927128
6054381
3481086
6087313
4039611
5040896
6127305
3222390
6794699
4084712
5983017
6748978
3214273
5180376
3971775
5153085
4187541
4971514
5170320
6087550
1461194
5095515
5081656
3992425
6330003
5104629
3842902
5552896
6575989
3416100
6080091
2636078
4468630
4955965
4932345
6461322
4898913
6329977
5130067
3182812
6038095
6244923
4095146
6086480
5109151
5166055
3887255
4225805
