# FEMALE/sports_bottom — discovered 2026-08-05T13:01:54.232966+09:00
# have=61 need=130 oversample=1.45
# count=130
5975326
3385256
6779231
6051561
6631771
4851390
5767021
6437388
6679685
6244992
6099609
6686553
4697405
6518215
6002555
4643039
6676992
4973728
5336863
3518383
6318326
5774852
6357091
5028198
6346073
4677803
6738909
6614036
4037187
6701826
5406039
6686082
5733199
6232367
6131099
3951072
6701827
5061556
5101556
6461949
3340025
4026531
6478604
6738751
5236495
5732572
3771307
5238217
5748989
5237748
5100088
6427472
5277661
5732880
5732566
5890392
4541257
6743710
6743696
6686258
6743663
6691547
6192305
6859641
6183035
5440801
6830862
6691554
3314089
5996881
5028576
6907221
4643010
4165584
5978848
5626943
5607700
6859647
5116560
3885903
6707013
6707015
3355071
6744148
6349527
5353731
6859650
6089426
4869289
3891614
4546938
5993073
6402593
4793032
5607676
5092893
5774850
5425774
6753806
5811304
3922985
4180342
6212712
4221486
6244502
5337211
5200316
5173865
4184753
5116312
6628972
6049339
4051519
4274809
6488937
6691541
6660073
5028197
3250229
4592792
4643444
5982646
5906609
3984367
4187872
5738141
4052102
6880578
4948078
6212461
