# MALE/sports_bottom — discovered 2026-08-05T12:59:40.435607+09:00
# have=31 need=173 oversample=1.45
# count=173
6515269
4172810
3056136
5147096
4903285
6724091
5235333
1755090
4370644
6111762
6323360
5079888
5440818
6033229
6427957
6501085
6077436
3056151
6642913
2439242
4186123
6082437
4727647
5449145
6033273
5813686
4162727
4893006
4642714
5156428
4262984
5379459
6082337
6217134
4844166
4837264
4643326
3056133
4888552
5147086
4888335
5172901
5224310
5936051
1519607
4213708
6170536
4225317
3876071
6303967
3144249
6321511
3735878
4882360
6468342
5737935
4995135
3443025
5740063
4172811
5028601
1519464
6049473
6033264
4192500
6189734
4661069
5811290
4050853
2971574
4949336
2547295
6341600
5737658
5147098
6563615
4262983
6131104
2734431
4929325
4213502
6520460
6049455
5180235
5757899
6466053
5819985
6416225
5278603
5479499
4042324
1519475
4583234
2508821
5777809
6131105
6321510
6277662
6520455
5237435
6271273
6236655
4109348
6180961
3947336
5180231
5135656
4655528
6332306
3088441
6253926
6839305
5256065
5136452
4225318
5306690
5734777
6049447
6009781
4887245
6416252
4167137
5135878
6489275
6410281
5136477
6627632
5381185
5519895
6391376
1519594
6318417
5256111
6009783
6302224
4151835
3443023
6101176
6349530
5589930
6272181
6515288
3071675
5092883
5270620
6711039
5114152
5971185
4050855
5998145
4834660
4832276
4109343
3995769
6214591
6190264
5926100
6165467
3094781
6029746
4820749
6081367
5965321
6849461
6529076
4748318
6809655
6350672
6796557
6837634
6907230
5461750
6198306
