# ALL — discovered 2026-08-05T13:01:54.234412+09:00
# combined new ids; unique=6008 plan=batches\tpo_session3_daily_plan.json
# count=6008
6896783
6816108
6850912
6762469
6175867
6121811
6812100
6539117
6016865
6858118
6347970
4798854
4794103
6285224
3046771
4899028
4048003
6561365
6453106
6731033
3202529
6654291
6806506
6929983
5063546
6562666
6453794
5233455
4866572
5009088
4241147
4968510
6155881
5023417
6906711
6078742
6675225
4042967
6143102
6117768
4953186
6833448
6812261
2004196
6197075
6288991
4887676
5251491
6192530
4825551
6157355
6205180
3182323
6853485
6460286
6481298
4192909
6427780
6164279
6165365
5056712
6011069
4998040
6722988
6507901
781903
5037585
6386116
6178774
6593921
6425831
6116035
6363408
6287533
6562695
3172450
6704378
6590793
3996347
6281311
6834509
5641511
6562643
6577726
5972144
5072427
6218431
1849317
6318206
4180786
6007567
5180667
6245413
5077963
6498017
4799742
4361423
6238769
4407567
1828020
6176376
4968711
3074115
6237270
4353764
6254952
6245773
6707785
3142995
4821155
4786206
6310114
6428915
6359006
6404445
3911309
6037080
6002476
6526272
4167495
6708755
6475713
4883719
4168774
5946454
6202164
6225265
6291481
4823731
4978899
6286440
6385630
6186543
5011607
4992967
5213383
6545022
6134251
6260159
6324638
6450767
6583008
5109629
6291361
6183506
6416994
4905889
6554502
6859456
4655201
6715472
6176114
6615536
6659865
6659876
5841324
6376241
4135672
6546958
6604520
6518209
3270021
6616913
6093794
6646040
4147228
3809451
6544964
6638236
4040457
4400127
3996351
4041224
6165366
6437318
6164261
6462730
3396440
5921350
6424500
4953179
6391412
6294241
3535317
6165872
4991849
6401050
5864052
6689710
6175726
6616254
3185939
6176174
4112489
6832131
6373443
6225256
6688187
6241612
4038649
6723404
6458099
6397588
6812285
3210504
6331551
3936746
6644697
4241149
6312919
5071611
5033156
3894116
5915568
2611627
6341271
6470022
3905969
4834586
6145794
6686127
4984741
6388598
6638591
6087290
6191584
6156279
6805563
6272545
6481809
6586108
6482881
5849460
6533070
6116300
6388222
5895087
4033258
6228621
6121720
6424720
6154802
6049354
6539121
5996770
6897106
6099266
4968826
6008483
6192549
6143101
6219343
6009308
5308567
6232329
6528262
5395574
4528706
5414046
2149254
6686260
6078967
6066511
6050676
5899178
6320918
5957374
5943432
1275020
6697260
6043826
6565663
5701636
6014217
5762245
5944297
4917022
5898916
6065144
5951533
6686133
3839725
6716178
6247447
5342764
4745670
5327102
5928638
6076846
6618644
5878477
6018388
3898614
6320134
5987962
5427160
6656595
4394369
3624522
5964770
4306628
6232331
5870166
5911661
6919673
4927946
6004599
2818019
6350537
6147500
5389156
5954108
3271527
6143097
5308749
4995015
4227807
5836419
6030424
6058097
4179746
5316891
6136476
4592364
5928637
5139647
5429106
6320923
4843337
5992333
5911663
5403376
6417984
5891228
5238086
3838794
6320920
4334571
6135156
6004175
5376547
6320136
6606449
1838940
4844845
5981772
5353075
4825766
1375682
5871848
5964769
5695262
5399869
4884577
5290458
5404902
6319692
6656597
3996884
996234
5870958
6547063
6041093
5308085
6012829
4439881
5101774
6270686
5376111
6320142
4502938
5395562
5985447
5342766
5899680
5874762
5345796
5389228
5457078
6299502
6716181
6320129
6259355
1383816
5338861
6687638
4804262
3921829
5484281
5494157
6547052
4683958
5432652
5317473
5943433
4655128
6320927
5920428
2705733
5596341
6067033
3361949
4458402
5429421
6033418
6333200
5316890
1383817
2081571
6939639
6816024
6884870
621266
6833545
4337999
4747213
6939641
5369176
5362347
6885287
6812658
6804621
5891193
6156991
6939208
5885812
6136553
6863535
4882474
6933253
6939159
5516801
5313029
5967774
4837282
3534377
4806439
5891177
6948547
3839727
6815058
5356175
4327239
6863533
4882457
6155576
6779372
5914106
6075561
6314728
6173562
6885289
5605846
4804278
2118822
5545608
6066859
4739529
6816027
5371375
4826301
4757907
5444682
6812680
5977252
5958402
6880016
5891219
4887325
6245633
4806234
5542617
6059113
4743432
6179488
5810649
6121791
5975262
5589685
4739542
2999264
6049332
6723725
5417880
3904781
6221606
6840019
6543030
3060679
4971048
5946280
3858336
5937296
5410380
6537319
6270523
5931642
6812562
4850116
5287968
6454706
5097873
5326425
6858317
5530420
4469501
5328200
5473178
5559133
6217695
4935205
6010561
3779342
3786649
5243036
5931185
6451718
5891208
5371578
961565
5960801
6031710
5099851
5276006
6035596
6332828
6816031
5922100
4735836
5578923
3481250
4709139
5946315
5985907
6121794
5589660
6026853
5311388
5967775
6807886
4299358
6440773
5937291
5312602
4453098
2735053
5371376
6175722
3875156
4833533
5530559
6069591
6357324
5176422
6445920
4705195
5362475
6454728
2379973
5434929
5948441
4744445
6314832
1939261
6832908
6557210
6898752
4825783
2735099
6012461
6059118
6695454
6038050
5018343
6723726
5243278
3880832
5218315
5391223
3861928
3128195
3128156
6443207
6275907
6107120
6314785
4886714
6000584
3451069
6172774
4833647
5924931
394608
6052421
4911486
4051437
3212739
4747484
5852962
4271892
4472574
6157161
6124959
5346965
5434848
6502688
5974194
5931641
4485644
5512200
4882463
6465968
3425399
5986103
2848968
3543440
5996856
6236337
4762387
4452698
3531878
6315233
6729477
5485490
6839993
5213853
876557
5209139
5883148
5885821
6245412
4584824
5993397
3965333
4693677
5605818
6440724
6919678
5952288
3893375
4486865
2712940
1181804
4341042
5935689
2971762
3106860
3746197
2080488
4425071
5391597
3586424
3452818
5276013
6833519
6796734
5424480
5892077
5234485
6710490
1755605
3536439
5507051
4488739
5450979
4833651
5892080
2738737
1546554
6079944
4347448
6786647
5644596
4519243
4488738
5874448
3452820
4937398
5903188
3526049
6925777
1777064
5892106
6796737
5507045
5303859
3558981
2089168
2375630
3213624
3450007
1336836
5320213
4375639
3792776
3452824
3452816
1015441
6004892
5303847
2760743
4555886
5392354
5693698
5461830
3578496
2902978
4647977
4853248
5031873
5320206
5098273
3065049
4735374
4284931
4194252
5937496
3521565
3449952
5303840
6538210
3635627
1776790
5339767
6034870
3544909
4342389
3496145
5391215
5607703
2359612
4696751
3840779
3955821
5320372
4829034
4311190
3515439
4837797
3546125
5278662
5276014
5401670
3496316
5853511
1767051
4796510
5992351
5736664
5303804
4284930
4759617
5918867
5289709
5098274
4723628
3095195
3807591
4732041
5330289
3596953
3211645
5320371
2990339
6006339
3856152
3856088
4555874
5758216
4467156
3511890
5371250
4699105
4311245
4696305
5794176
6325031
5424588
2627088
1015442
5892087
5892102
2721684
5609833
5434673
5530615
5845240
3869928
5009061
4408067
1817394
3814011
5533904
6644899
5549714
4772746
4717336
947067
4398964
4720007
6066342
3444727
5593070
2778748
6437992
3788792
2990274
4813394
5320207
4773033
5513380
5794398
3866801
3870317
3856137
5839911
5774864
5296593
6131586
5317232
3857477
5791804
3475395
3480061
5545674
5696413
3856182
3460187
2112357
5380184
4717337
4588856
5349730
6059167
6107541
6060219
5936079
4492501
4385261
4333531
1593952
4771530
4645636
6014129
5581441
4826318
5457677
5320373
2874404
3174978
5448058
4853290
5407762
3511894
4376225
2954448
3608918
5045428
3875153
4387136
5984689
4273485
5542848
5380520
3496997
3826202
4467105
5436779
5864181
1819766
4772988
4987373
4675273
5543992
5371528
3542260
4499836
5473659
5873337
6005154
3925712
4580137
2760744
4896473
4548492
3167247
661290
1755609
2795210
5990656
4419670
3547239
6129697
5289615
4258349
5671263
5992354
4649193
4328099
2990264
1768749
5303852
4858278
5446516
5493711
5816449
4681702
3786552
3496995
5320214
5893867
3061824
5370954
4705754
5432349
3847702
4372569
4263902
3400338
2710898
5477433
4822301
3747436
5960657
5684462
5514317
5355751
5339762
4785494
5497241
5581465
677745
2756210
4423149
3788799
5782104
5563898
5788551
6119186
3597255
5333367
4993218
4935384
3850433
4849130
708043
2359443
4566658
5382597
3031343
5074876
4283359
5450027
5060766
2763912
5736668
5351905
3586425
6043859
2478042
3633012
6881012
2627087
2083415
5417294
4959989
3592170
6269017
5873492
5488875
4376211
3452825
2766957
4311183
3627744
5956029
4296246
3803871
1198762
4312792
5327539
3048396
4739451
4837804
1683388
3546288
6200123
5371082
4650274
4532900
3771327
6796717
5892091
3550022
2349446
4272768
4671144
6839990
5349732
5974205
3769087
3574305
4380717
5289620
5396594
5333609
3792333
5899699
5547313
5320202
636964
3832064
4365834
6359177
5291758
4808864
5493726
3607627
3427928
3589967
6093200
4593625
6019872
3049682
3439054
3624532
3844940
3452817
4702430
5320209
4465297
3824219
2977680
2682838
4106736
3597656
5317231
3856113
4455780
4566659
5920464
1769424
6119185
3543108
1582356
3682659
4346255
5436695
5736674
6653804
4377775
3470502
5467194
3917632
3624533
6278681
4372568
3893365
5871614
5873397
3893377
5308081
5315438
6237329
6769505
6265163
4302685
5839958
6101722
4456821
6189736
6660832
3030274
5835088
6769500
5937520
5992402
4813630
5948221
6046657
6656584
6656585
6833520
1572220
4513303
4354690
3534440
4780428
4354691
1777052
5716259
3460245
6833522
4260118
2713976
4486949
5391217
4707059
1667886
4265264
3116779
5790753
6029558
5391218
4698056
2733386
5183235
621986
5432501
4304694
5892118
5716261
3464998
6767252
6196445
2733401
5329872
5511840
3683856
4272965
6239442
4528715
3452762
3909299
3056873
5944300
3536435
4458372
3582805
5892115
883163
5758048
4547400
5811219
5183243
4446128
5937012
2733392
2673249
3712992
6065342
4020796
1861935
6103463
3065008
5877534
5299388
6046748
6861140
6077172
6746338
4341043
1139420
5303802
5459067
4808319
4680895
5658162
5232681
5426024
6076035
6043014
4440410
5799256
3452808
6075493
5312748
2737768
6050628
4326536
3095946
5341902
5353408
2089169
3192894
5503119
6807851
5700700
6050170
3192896
4753388
4522628
6046679
4370946
5756113
3767735
6364871
5607837
5586798
4725499
5380806
2208691
5536062
3578951
6084427
2990527
6023671
5308455
2627090
1615829
3530537
4493374
3995925
5380233
5928055
4423028
4444798
5911021
5631270
5700757
2977555
6046627
693682
6005577
3461436
5868987
3424000
3541298
1837255
4505926
4468265
6293094
5948525
6850032
5823273
5791777
2314616
5386349
3816392
5695549
5332443
4725505
2043588
5945199
5007060
6445917
4431785
4474407
3907158
4604677
5712946
4444955
3793141
4844534
2995086
5099869
3533481
5916838
6686201
4626348
1837256
6110632
5359208
6114418
4629601
5911669
5786725
4277692
4631308
4385283
5511450
6183094
6189735
5790757
6791856
4804544
3571169
4701936
5438112
2208656
3551297
2099880
5327192
3475628
4315211
4409421
5484711
5861388
3954063
2990438
1585772
4431794
6200234
5534819
5451738
2736875
6005574
4633599
6323332
5918893
5791781
5658488
6325676
4808926
4444910
6815693
3114894
4418786
5535032
6861143
3799338
2990504
5799261
6807837
2104875
2050764
5099872
6075494
4412379
5436836
4202541
4567130
3772565
5982786
3766738
5352832
4247891
4385282
4570970
5756112
3562709
4784450
2109937
5877533
3010892
5558441
3057576
5380237
4558206
5959419
5409046
6738351
5602505
5559465
6200231
5733247
4680883
2959596
5320042
5385723
6065339
6201763
3590907
4949366
4284612
6099565
5433394
4774350
5528368
4311450
3532074
4791760
5671258
5658617
6881017
4321111
1572221
4603507
3044122
4312788
3792774
3497005
5519992
3574472
5397080
5694194
5935990
4860438
5270722
5937518
5593651
6211798
3869930
5406000
3799339
6885283
4402120
6410829
4900496
5511589
5377828
6061365
4397049
5413133
5506995
2990499
5760978
5359209
3010895
4649674
4837142
5899586
5552475
3742206
3088138
5965247
2756237
4401697
4462114
2106705
5631271
4570973
5930668
4105947
4460669
6686058
5023905
6204872
6411626
4873784
6204946
5041097
3241779
557450
5169463
6003424
6245702
5986640
6252699
4963859
4873767
5025079
5125142
6411581
5005313
6374912
1404736
1848790
3983705
2461372
5986644
1871984
4057674
1031260
6063471
6849281
6437266
6543374
4992652
1387524
6619105
4825606
5044395
6336958
3274144
6252813
4642703
5106868
4024549
3735784
4934383
6619104
4842876
5005669
3875398
6486728
6136489
1959696
6158150
5167611
5135266
4935967
1882578
6463972
6462759
3998728
6336736
3941207
4103682
6123070
6074831
3060525
6617037
6399233
4993420
3273391
4842878
4964012
6316060
4939651
6463973
4993412
4233888
6179578
6257492
6374891
3195217
4971510
3894220
6821713
4821816
5967486
6204711
5086683
2452871
5091789
6179579
6149037
6252745
6201353
6046710
4905906
4932485
6575456
4983439
5016863
3302765
6316063
1498093
4044428
6333370
5098563
4983003
5077935
4693117
4923323
1947063
6289401
4253607
6361607
6554476
4024553
6048250
6125591
6419262
4921693
4281859
3223014
4993417
3875401
4993423
6177542
3274323
4046111
3075261
6216245
6146048
5022401
6518234
6205057
6617038
6093471
5167468
5050446
1387960
4887689
3998732
4993416
5167500
6174238
3993965
4890071
6575260
6201359
5091790
6243321
4939660
6463246
6066902
4251404
6317484
3075262
5015111
6102737
4805063
6089744
3075264
3195215
4935968
6617040
4693116
6516858
5718868
6203503
4175773
3559641
6864325
4903312
4024547
6317477
4875158
5259402
4921264
6864379
4012074
6177193
1911512
6086383
1939727
4735825
2491348
4050692
6317917
4048033
6804715
3238263
6790334
5107456
5192282
4783293
5130070
6790340
4898787
3783924
4129471
4887343
5045665
6288332
4769153
5034416
6749055
5133396
6311609
6160000
3971738
4898786
6798058
4903521
5073478
6038093
4983949
4917873
6529343
4980635
6855641
6790337
4765969
6927128
6054381
3481086
6087313
4039611
5040896
6127305
3222390
6794699
4084712
5983017
6748978
3214273
5180376
3971775
5153085
4187541
4971514
5170320
6087550
1461194
5095515
5081656
3992425
6330003
5104629
3842902
5552896
6575989
3416100
6080091
2636078
4468630
4955965
4932345
6461322
4898913
6329977
5130067
3182812
6038095
6244923
4095146
6086480
5109151
5166055
3887255
4225805
6553993
6799548
6633887
5404240
6103292
552760
6245405
6349006
6285897
4980517
6347903
2225649
1855218
6659378
6182409
6498130
6049713
6450448
5944346
6270534
2976551
3112617
6299983
4247493
6554437
6254191
6192538
3764317
1466673
5139570
4765007
6163887
6391385
6270537
5073861
6135911
6617899
5384578
5066828
6545496
3855092
3838687
5204576
6450765
6251563
3762355
4247740
5079642
6252420
5147115
5760836
4929080
3762323
4006722
6618390
5152962
5178318
5084567
3855094
6049708
6155421
2643718
6192745
4655184
3794829
6633960
6081363
4216823
6318396
5175215
6609953
5159260
6049266
5119840
6155419
6154655
5046741
5877402
5761977
4074761
6074199
6089063
6309616
5900254
5086508
4949295
2968980
5440834
5059798
6646165
1852718
6089019
6254018
3996963
5292192
4980516
6154665
5204591
3400406
4842040
4993670
5236340
3974083
4734461
4765008
6610227
6814077
6461922
6401907
6814130
5944327
4948101
6897093
5283211
858911
5056928
6227159
2103617
5969353
4302299
6424098
5269875
6050619
6221839
6553859
2503135
4360670
6292718
3797063
5811371
4658037
5333371
4714952
6175490
5944334
4964804
4261377
2443074
6477610
6035811
4795939
5899307
6001928
6255767
4528215
5592630
4157065
4120879
5128859
5381242
6291687
3051688
4664337
4157654
4738434
4782512
6748009
6064520
6637750
6038610
6324723
6424721
3187939
6065545
2028334
4404223
3830004
6266877
3794792
6840017
6451310
5279526
6227172
5911447
5561294
6038923
5006412
5918987
3051697
5331635
5910977
6270565
6723562
4141102
1929722
6363326
6398127
3826875
6028722
5476805
3263933
5302354
6195377
5864299
5977356
6850948
2565818
6014435
5990688
3613296
2985719
6050622
5930331
6467814
6078643
3902775
6553849
6054654
1251768
6515966
4787265
5529533
5866558
5128887
2425479
5494348
5276361
5066604
3801323
6065451
4316658
6015833
3070218
6123486
5329372
6054660
6624253
4969133
5870407
6065544
5164038
6122208
2711142
5964998
4274049
6330623
6178800
5317150
6478048
4674672
6408838
6415043
1164854
4819300
5311382
6241667
3893016
4278901
6553842
4398163
6719357
2479902
6119340
4316587
2725611
6178807
6068925
5806609
6148650
5128813
6515870
5982731
4164429
5269683
5944339
5034365
5316884
5291234
4281748
6398112
6656642
3576613
5681985
5860705
6724300
4757347
4933446
6291706
4614686
4557878
3114428
5931105
3046300
6255765
5302399
5944329
4830398
4642899
6091061
2447802
3263756
4871606
5316885
1885631
6192227
5812207
3919791
6150862
4948118
3051713
3877779
2833222
3843798
5405982
3422573
3793215
5021825
6507751
6072000
5682033
5903176
6119339
4664368
2583579
6133019
6172611
3037658
3663072
6507752
4225256
2192777
4031238
6195367
1844467
2092852
1573215
6656641
4223923
4482130
5320046
5642969
5953302
4819299
5930817
6451490
4270342
2823292
6356868
4251558
6301768
6572802
2671322
4777193
6624263
5461709
4109126
3046316
6483905
6182997
3316986
3844553
4823011
5477152
5350580
3918523
4312704
4896613
4783444
1391412
6124021
3733978
5342922
4897566
5944812
5916590
4969769
4735880
5860707
4676883
4933449
5354388
3963446
5918822
4276260
4658035
5970297
3272078
5059753
6419190
5944321
4469838
3029055
2439102
6211670
6183415
5383873
5937469
5919801
5960038
4745097
5938797
2479983
5871921
5903174
6755740
6425743
5162659
5292843
4141100
4642902
6637728
5920850
2447805
5380287
5919032
5774097
6401982
1224849
4714943
4469836
6266951
4908986
4772152
4710012
5355077
2693305
4896269
3793217
6091059
6386491
3823282
6085443
3066946
2710672
2714302
3859522
1976079
5998288
3918524
5311373
5888637
5937406
3536748
3576618
6144784
4664374
4358873
6811394
6355921
3782367
3575430
2447806
4933448
4225255
4053834
6794277
6535259
3890811
4948092
4436398
3587704
4710010
6811505
1243133
2729837
1584704
4791907
6782127
6764835
5405980
2710669
6840004
3703108
4331095
5980572
3744780
5901972
6794276
4314661
3070648
6148657
4437486
4440812
2647305
4616650
3321752
3333708
6334220
971507
6353591
3596906
5876428
6821961
6781814
5189632
5297106
3021692
5116834
5151854
4935411
3367751
4663938
6555227
4663937
6326890
4210137
6114145
6005607
4818151
5269752
6006689
5975963
6388799
3513679
5755334
6679899
6561667
5336163
4109782
3438991
4969760
6392211
5919305
6105921
6561665
6450345
6609139
4210138
6178395
6553913
6530440
6746075
5944476
5242601
6450342
4368600
5874499
2817384
6150959
3411538
4728654
5937733
6005602
6152464
4993373
3404705
6249342
6553908
4210144
4830878
6035284
5429724
6050554
4882391
4091318
3995504
5944550
4166986
5174240
6637699
4166944
3823312
4508626
4979743
6185593
4892128
4798024
6660628
5381241
4774160
6553924
6671655
6148372
5009628
3411541
2534829
3823317
6150961
6679900
6552423
5095277
4368599
6686109
6815224
6816394
4210145
6807930
6167465
6790327
4423134
4099374
6906133
6879959
6152459
2459975
5947042
5964886
5210992
6816220
6281281
6299947
6363840
6348604
6551250
2451357
4062253
3882358
6391270
3597072
5627557
4473244
4109785
4062254
6807927
5382376
5973548
4871185
3902467
6333365
4347580
3185758
5395444
5262335
5947041
6799525
5936851
4112178
5118434
6747876
4283677
3438783
6140483
4915326
6619587
6450760
5215359
6702445
5140013
4882154
4488750
6291151
5382348
4624103
6607746
4109134
4761384
4073507
5072312
5975387
6087252
6799536
4752770
6113206
4989570
5017311
5005335
6877702
5919230
5948338
6879958
4457987
4936092
6650717
4461723
5147015
6435455
5352052
6619586
5811269
3851438
5985818
2591756
5446388
3211509
4166939
5987450
5332990
6107659
4818148
6250633
5066224
6244047
6075559
5030683
5014027
6450756
3438995
6409181
6306423
3914930
6347523
4405906
6126029
4931663
4540015
3946193
4228506
5849018
6388527
6569719
4270510
5097911
6745571
6299943
5005334
6879961
6781452
4806682
6753168
6619588
5872535
4662908
6235066
4166951
6201758
5348321
6526585
6429118
6350532
5407733
2848705
6447519
6411774
3302818
3077785
6042151
4928799
2353273
4062251
6390276
6879964
4738377
5926045
4918818
5970198
5816775
6798805
6619585
5708347
2459969
3869926
4936037
6555233
6188084
3528310
4033172
5018774
3621279
4875281
6188144
3932161
5975389
6505465
3536894
5985825
6113250
6650731
6414354
5251657
5940622
5889059
5261054
4892495
4860471
2370482
3146999
5849021
4458044
6668778
3812584
5449894
4417532
5953442
5948310
6409366
6260336
6885678
4373926
3554661
4852810
6435456
5393279
4454694
4914401
6431923
3856666
6506922
5310745
2926541
6101170
5468637
3770965
3870169
5060674
3945142
4423166
6168120
5215208
4166980
5985821
5283813
5164140
3351014
5364801
6130998
5977230
4914302
5097910
6463401
3231959
4918825
6120717
6878575
4067457
3238724
3439140
4057671
3856811
6686222
3131025
4169060
5802209
3816978
2307747
4000955
6276037
5337634
6610007
3674341
6133271
1958904
3646381
5899292
6328880
2643886
6287108
3503598
5313445
6336775
3404707
4695559
5080113
6062887
6530452
4470348
6546455
5005278
5335440
5871617
5934961
6661535
6233526
6406626
6089895
5330533
6478469
5933193
1736085
5148807
4006652
4989104
5107600
5364222
1794933
6329615
5701682
3037465
5135314
6122264
4128993
4934201
6152373
4147690
5359765
5249256
2757245
4471713
4743495
1344547
6574240
4949174
4148425
2112059
3568898
6046599
4642625
6127802
5558479
5897678
6312187
5982722
4289576
6183572
1735427
6079609
2222275
5045743
4535845
6401285
1985223
4949147
5367961
5911822
3575424
4080544
3877605
6215967
5308542
2744549
2660556
6089919
6706357
6518231
4814711
3048828
1595607
6553728
5368317
6539130
5849189
4147692
3443300
4787238
1370101
6441487
4934629
2513018
6379538
4911885
4341064
5523425
6814327
5858851
5265134
3395344
4080512
5180708
5372428
3772706
4806398
6177005
4655083
5271982
4488094
5728210
2307746
5234650
6364422
3384853
5238977
5199043
6211803
6006989
4806014
6381083
3235246
6312088
6305579
3223808
6202204
3899398
4175295
4806459
3983091
3852647
5920440
4378918
5519799
4683183
3439044
4661560
4795082
3840902
5716307
5134962
6919697
5767044
6076905
3627754
6110844
2713134
5915428
5995449
4642630
3528681
5306789
6814361
3772687
5933237
3837941
3815904
5771663
6686223
5982721
3404709
3975921
4076299
6441507
3204878
5733771
5983425
6313139
6263511
5825929
3075724
4556449
5734766
5663301
5479300
6233559
3905378
3262224
6032239
4934180
5985940
5934963
5390641
4653563
5871579
5850190
4185571
5310561
4939569
4436358
5299794
5864294
3223947
3528678
5901746
4766536
5934879
5115006
6138138
5601783
5320559
6032547
4169522
5734771
5550821
3758354
6301740
5919632
3674342
5338392
6819197
6030646
4766526
6605953
5897276
6079366
6209026
3155223
4797155
5309472
6110845
5045741
5010753
6592162
6563362
3815895
4920372
6330760
4808290
5516643
5548539
6052428
4806393
6439895
4254323
5308541
6694863
6426192
5584182
3840905
5430930
5871577
4283718
6006712
5309072
5736960
3908604
5589715
6255763
5838000
3117101
5899711
3349771
5612905
5239955
3627756
6032562
6076913
4718465
4842737
5329565
5952211
3913986
5837997
2502974
6594407
4210177
4901318
6289241
5716292
3048830
5894434
5675455
5982724
2789091
4672960
5734770
6350685
5113722
4963254
6079818
4921076
4496173
1329423
4113164
2492155
4920373
5329566
6443981
3378536
4949205
2712580
6117729
3815900
6199280
6009133
2402846
4860655
6121800
4642623
3528683
6632515
3627760
4798367
4181147
5935011
2340478
4351780
6192231
6155557
5095287
2458227
6269558
6822134
4655082
1466285
6706315
5242583
5774853
6799357
6829591
6198298
4186098
6832876
3994377
6812295
6819188
6839241
6819098
4637965
4915410
6833001
6222070
6238630
6122528
4581728
4334903
6812325
4873660
1772551
3610484
6792053
4674297
6829605
6048598
4683428
4179748
4659652
5400740
3418688
5457184
5369394
4305395
6407706
3975909
6246953
6238539
5852078
1466284
5142774
6562662
4683427
6407705
3720910
5272883
4305363
6681750
5500664
5761359
5920881
6833050
6122922
6829606
4747263
6198349
3056184
5278950
2650372
4383396
4288720
5847943
4367066
4756722
4683423
4032684
5369616
5244969
2413510
6366000
6724005
5482466
3779949
5023070
3610476
5512254
6662769
4221435
2382888
6425486
4217263
5154522
5100348
4788672
6812310
5309720
2507538
6272034
4655538
3200707
4251387
6812184
2456972
3610039
4154289
5006172
3796347
5457183
5309698
5205086
3406864
5749009
5196759
6199926
5196773
6801050
5006215
5497038
5457185
5196761
2875239
5936552
6671276
6294734
5178656
6265360
2507635
5433855
5687119
6000120
6038447
4683425
6371294
6671313
4305283
6015810
2438802
4437552
5205112
6219792
5154439
5683563
5279020
6806723
6806722
5235671
6146436
6878005
5450200
6251546
6716142
5301779
6618029
6472088
6427474
6417975
6744819
6661660
5838527
6502682
3574664
4978750
4899668
6030843
2512741
4642648
4772355
5045551
3535307
4844733
5888832
5449094
6427489
3796005
2361600
6501227
6075060
4803082
5269695
6312923
6538545
6392282
6238817
6294032
5001156
5188188
6155511
5279185
6155436
6217136
6573910
4957286
5270637
6234436
3735768
6122271
6313135
3912243
3397155
6476719
6130579
6651140
4687284
3006346
6745094
3056110
5115805
6141797
6642689
5148521
4749436
3271530
5292229
5045548
4029367
6052420
4837315
2028350
5975444
6294033
6030891
6632609
6127808
3094965
6030989
6146031
5191760
4803085
6089007
6686052
4729100
6052422
3094901
6501203
4002659
6155514
4949216
4771419
6626735
6232695
5482570
6336937
3962982
5732681
5204742
6075063
6030842
6391399
6543955
2691826
4128907
2447767
6113857
6031126
6632590
4814700
6214545
6686128
4642657
6573788
5926237
6097933
6446940
6546070
4851407
6435460
6244982
5340809
6746137
5957001
6189729
6651155
6190266
4187013
5004579
6234476
3876907
6446943
5204871
6505340
6433501
4946358
5372678
4929094
4217252
4883718
6661651
5297829
6089062
3401209
6391414
3113942
6131128
5758879
6515269
4172810
3056136
5147096
4903285
6724091
5235333
1755090
4370644
6111762
6323360
5079888
5440818
6033229
6427957
6501085
6077436
3056151
6642913
2439242
4186123
6082437
4727647
5449145
6033273
5813686
4162727
4893006
4642714
5156428
4262984
5379459
6082337
6217134
4844166
4837264
4643326
3056133
4888552
5147086
4888335
5172901
5224310
5936051
1519607
4213708
6170536
4225317
3876071
6303967
3144249
6321511
3735878
4882360
6468342
5737935
4995135
3443025
5740063
4172811
5028601
1519464
6049473
6033264
4192500
6189734
4661069
5811290
4050853
2971574
4949336
2547295
6341600
5737658
5147098
6563615
4262983
6131104
2734431
4929325
4213502
6520460
6049455
5180235
5757899
6466053
5819985
6416225
5278603
5479499
4042324
1519475
4583234
2508821
5777809
6131105
6321510
6277662
6520455
5237435
6271273
6236655
4109348
6180961
3947336
5180231
5135656
4655528
6332306
3088441
6253926
6839305
5256065
5136452
4225318
5306690
5734777
6049447
6009781
4887245
6416252
4167137
5135878
6489275
6410281
5136477
6627632
5381185
5519895
6391376
1519594
6318417
5256111
6009783
6302224
4151835
3443023
6101176
6349530
5589930
6272181
6515288
3071675
5092883
5270620
6711039
5114152
5971185
4050855
5998145
4834660
4832276
4109343
3995769
6214591
6190264
5926100
6165467
3094781
6029746
4820749
6081367
5965321
6849461
6529076
4748318
6809655
6350672
6796557
6837634
6907230
5461750
6198306
6822848
6744810
6852841
6309835
6772483
6243995
6296780
3267022
5927991
6345088
6842612
2462040
4982338
6697403
4772824
6437619
4684533
4116793
5104683
4659181
4719348
6321529
5136740
6737137
6330319
6778715
6860342
4832294
6089491
5019502
6370409
5910769
6367213
4098020
4972805
1930163
6461945
6507757
6049462
6138139
6209258
6286767
6250148
6702634
3934433
6449712
6371154
6075202
5870165
5150510
6014647
5995067
6403732
6372422
6730858
6384618
3995483
776697
3877271
6287727
6106496
6579992
6142333
6043891
6135802
6414465
5281219
6226967
5997429
3964291
4987290
6227308
6455096
6338168
5825937
6179825
6336575
6444669
6643255
4899792
6657049
6381797
6453637
6678860
6486648
6027751
5136578
6254138
6646141
6409574
6013713
6275043
6114416
4037460
6065687
4174678
6326544
6696689
6393791
6330072
6245538
6333282
6443860
4651438
6433549
6658522
5042257
6219202
6220123
6425819
6483419
6293633
5020169
6073097
5991525
3535312
5194530
6176037
4773435
6434722
4964038
6109097
6014480
6076184
6432189
6222105
6263729
6677915
6081985
4241528
6279035
6638886
6689505
6370666
6536350
6346627
6063277
6227338
6543587
5947565
6533456
6315715
6317865
6081323
6205590
6805433
6107191
6026148
6346109
5253131
6504496
5449070
6495945
6668088
5979607
6100809
6299663
6507755
4012766
6176401
6200538
5096769
6154048
4860463
6592251
5111991
6287712
4907945
5910752
4072496
6525800
6305496
6526404
6148855
6093164
4870286
6107157
6514596
3305784
6188156
6426012
5179887
5242955
4010079
6060992
5144291
6608129
6245719
6326543
4719345
6536752
4988306
6003366
5019496
6687292
3884752
6403736
6646074
6012487
6207544
5158314
6610130
6455076
6097176
6417977
6854027
6503245
6351379
3204913
4073892
6365265
6483674
4954245
6123574
5198233
6423466
3970067
4755656
5795863
5126932
6362768
6492964
5911215
6477998
4443583
5916032
4763498
6015673
5979739
6517564
6395477
5991748
5976326
4762803
6075262
5840392
5937279
4766699
5586781
6302119
4844543
5897340
5931724
5777335
5409482
6506585
4762781
5312563
5740744
4046873
6408131
5836180
6105116
3842816
5886071
6526546
6277368
5932410
6477996
6068119
5242290
5211622
5892306
5205480
6662339
5803626
5517386
6689485
6426989
4708446
5292964
6079966
6071630
5546263
6728750
5457085
6220136
6046415
6302014
6068125
5415300
4762776
5151559
6441065
4651553
4275239
6009399
6089213
5264363
4322922
5922237
6435854
5442146
6014682
6129627
5713331
6916604
6195742
6655510
4766684
6014683
6362766
5721683
6460736
6591931
6014701
6363901
5911951
5979998
6014702
5448512
6506582
6521378
5984490
6043776
6075264
5869594
6635890
5977897
6023995
4830698
6075261
6004871
6307369
6226247
4296878
5795950
5973427
5797206
3870366
6143770
5923653
6614672
6555053
6401463
6157545
4347595
5397221
6426986
5927162
3417709
5335852
5986768
6097148
6222563
5472909
5409340
5290178
4723676
6081238
4798029
6326121
6218868
6401847
6014638
6427756
5909997
5089989
5983130
5852361
6533388
3560223
6493946
4213991
5947265
6143791
5397925
6071240
5997722
6046230
4706651
5695790
4760174
4487197
5370218
4766707
6081420
5723238
6025697
5760960
6039246
6143802
6365323
5297901
6025938
5905335
6655485
5923652
6696569
5695791
6013908
5284440
5151560
5886063
6582511
6662350
5968157
5062453
6582509
6318240
6763908
5961712
6625854
6427754
3845219
6899468
6797896
6021381
6318241
6000057
6014700
6791688
6850292
6696090
6841315
6318242
5910000
6899642
6823667
6476788
6071241
6831943
5381437
6899472
6812869
6352042
6638143
6829739
6842390
4501837
6915943
5328265
6841581
6815110
6449621
3685532
4858279
6223890
6797892
6815561
3800524
6638203
5485253
3839646
6807545
6927827
6815114
5322255
5362414
6899611
6537263
5353827
5313237
6842694
3803630
6807557
3545276
5370284
6120195
6458359
6096969
6840034
6729332
4766192
6339522
6822057
6031147
6702451
6899480
5092454
6750797
6702452
3803626
6815106
6787467
5342172
3401358
5594889
6830916
6307365
6751488
5931585
6817287
6048402
6063283
5314853
5193975
6220486
6365914
4223676
5930321
6823527
5958056
4755862
6469295
5207228
5566410
6368518
6363810
3916533
5910457
6307230
6027749
4535691
5314854
6250139
6108447
4886914
6225031
5367216
6537269
6752357
5749902
5587728
6831945
6116867
4798692
6205478
6810566
5921397
6695488
6830934
6020687
6064055
6300662
6499072
6638058
6798294
6153780
6639680
5988302
6442131
6064020
6646091
6444105
6147501
6220153
5958052
6178965
6797893
5362415
5942604
5608013
6427689
2959993
4907307
5905718
6731103
6458362
6661221
6043944
6841583
6041683
5981387
5485254
4397535
3571555
6912807
6096568
5930309
6797738
4768984
5672587
6623828
5640988
5901435
6339925
4134354
6296219
4754622
6048151
6109438
2195665
5935766
5365243
6064029
6638092
6220449
5890341
5957536
5907494
5910336
3074973
4338881
5884068
3033915
4313424
5799678
5555157
6840030
5298610
6925831
3052874
6256981
3469874
4702435
5968618
6108638
5256131
5864624
4706633
5355241
2369450
5445846
6770807
4719106
5124620
6849525
5447181
4385260
3863135
3480873
6185201
6508976
6925836
5245898
6929705
6583235
5124625
3842668
6107035
5977936
5343470
5905831
6093940
3824749
5570596
5029624
5935122
5343467
5484496
5322192
4574268
5355239
3353228
5682841
2392455
5124626
5369673
4379007
3545829
5374826
3932244
3779405
6050099
6365471
2723561
3705091
4796518
6148676
2846101
5743681
5528178
6138193
4671017
3544420
5124624
5570600
5944389
5968614
2211251
5542788
3047719
3508652
4408766
5628301
4338882
3607138
5298607
6114269
2697813
4085373
4917875
5398273
5310838
3663406
5445851
6583538
5570599
4135583
4850086
4567964
3828224
5478630
5349208
4435448
4461088
3010387
5835394
4917861
5386289
5735459
5320764
6000087
5778351
6154108
4796520
5754293
4698611
3870100
5952583
5376070
2179812
3116476
4468472
5949594
6024935
5349858
4698661
6015272
3624355
3892906
3536372
4586151
6583380
5936871
2698072
5342637
4749355
4843099
5944399
2977685
4485599
5682140
4430293
3254061
5445855
3250515
6365466
4319839
3006113
5314480
4393511
5320344
4327790
3708511
6135583
3254062
5445844
2132632
5307318
5640768
5570602
6068129
5952162
5775061
3041412
4761968
5913374
5385967
5910068
5899368
3816732
4562813
6136566
3907589
4822300
5349205
5936646
6163169
5374587
5462485
4435013
3627071
3663464
3086467
5353322
3460184
6583568
5734975
3514470
3892908
6194059
5935080
5944382
5259072
5562269
5743620
3577056
3544830
4472926
5924619
6274105
2698720
5281547
5305353
5978025
6099182
3544763
5891547
5141551
4807604
5558803
2213735
3925701
6015662
5899068
6365463
5271413
2096929
3875723
5589008
4823573
3726707
5905828
4319724
3825608
5367830
3577083
5398713
3804455
5548582
5473633
4319855
5610143
4543511
4595633
4508123
3565895
4425925
2799432
6042634
4750019
3594596
5340213
6009267
4428140
5905698
4803354
5445857
4897323
5360509
5846085
5322688
4355839
5340215
3842666
2977692
4133843
4468751
5582105
3864682
6111079
5616092
4508959
5780416
5981904
3612718
5598111
3747429
4265256
3025379
3038860
5320211
5979038
5519835
5674246
2823636
3825586
4316884
5354570
4556738
6819694
5937023
5445849
5936870
5368476
2369863
3622151
3930065
3882530
6144025
3478294
3605659
4464954
6031471
4683246
3450001
3823621
5461391
4415838
2328113
1385953
4528241
5904442
4342865
4342391
3061955
5436084
2725532
5973148
4329936
4311181
5386267
3465090
5038388
2710458
5314561
3491299
3929942
3544735
5587056
4627779
6114256
3484677
5893869
2392006
4493340
2433713
4650150
3753575
2697812
2977689
6019870
4383071
4340970
5190142
5982354
2705546
5158905
5567292
5369965
4818090
5105047
3112542
3597258
4455309
5436137
3457313
3849439
3547556
5447641
4189430
4401195
5410401
3457317
3020453
3779901
5320201
4467152
6188218
4306834
3330680
5795865
5328890
5817212
5328644
6028958
5429074
6071257
4001841
6850731
6862905
3033870
6830882
4889690
5997551
6766185
4440027
5964389
5594926
5727335
5327390
4534863
6806560
6421496
5381587
5410578
4670667
3876972
5966038
6862901
5409563
4440029
4460785
6002457
5718663
6594883
5999272
3469861
4651569
5864303
6884862
3146084
3054736
5313209
6798145
5951564
5911861
5633571
5371276
6002455
4474670
5997471
6243597
6324404
5932636
3468979
3469860
4852301
6002433
5301671
6452283
4325177
5313208
6687193
5405768
6651982
6884859
4620126
5875983
6243600
6302324
5355082
6099174
6469323
5800360
6064226
4756983
5932632
6005516
5641033
4934514
6830883
5910477
5966015
5355844
5655472
6362823
5999273
6625462
4922193
5883541
5772962
5968628
5429962
5391360
6798143
5998801
5628311
4289833
5310137
6285813
6118894
6299869
3968306
6574337
5301667
6452306
5401895
3170312
6002432
5608604
5835442
4511814
5308417
2055128
6062460
5628316
3968304
6149915
6062310
5326390
6593075
5395790
5375037
5745467
6003502
6050138
5330815
6311145
6594882
5911454
6302362
5987555
6301894
3538407
5542811
5314527
5638168
4487078
5958016
5932620
5682803
5170544
5167680
5641020
5879021
5326391
3146081
4980325
6118893
6071258
3906373
5886033
2847612
6104792
3033862
5355054
6003505
5904455
5366893
6185733
3833856
3514012
5281185
5926559
6268363
4462819
6488877
5638176
5541895
6495836
5939055
4796487
2977501
1742320
4493401
4265248
5320063
4476563
2160407
5570592
2105452
6244023
4289849
5558892
6411417
6257477
3807402
5600947
4479756
5981307
5392216
6129530
5964437
2749765
5167677
6131301
6160928
5930693
2858494
5401954
5864295
3570370
5008040
6126606
5410579
3678378
3048171
2339145
5945098
3799331
3804701
4377847
5062356
2990463
5642716
5550763
5248735
4430130
3191925
6183092
2140055
4947308
3039177
3772852
5973283
6032709
6118896
3481470
4308559
3438940
5607045
5295832
3697613
4473176
5641902
4479506
5886029
5795864
3544148
4520958
6620316
4311321
5651800
4800719
4468844
5656849
4396046
5326388
3989062
5347502
6679424
2827221
5167683
4299939
4813629
3699955
6172479
5402271
6107941
5422209
6081117
5379694
5699867
6495835
6670923
2877493
6257479
5791786
4760320
6148684
4680446
4477798
4525550
2977710
3509002
1584097
5327082
2055143
4381461
5992896
6390606
4897679
6523455
6208753
4448521
5083349
6243484
4322229
6275110
6196208
6446896
5067691
4650622
4317355
6109223
6650971
5671211
4188027
5025072
6196210
4785520
5036596
6243486
6832492
6575368
5795877
6208754
6650973
5060847
6357285
6402878
6339981
2329472
6238452
4032885
4061693
6390577
3052665
6572205
6601237
6686188
6330086
6390602
6000937
5035835
6260179
5187320
5067538
6076814
4869453
4964601
6037714
6122799
6243760
6609813
4025024
6805342
6411008
4851642
6726766
4115346
1319217
6716697
3417203
3877979
5077286
6235172
5059811
5059161
5161135
3937957
4025022
6626163
6192203
4896080
6593750
6684709
5051973
5259785
6685866
6542145
6668119
5059019
5026055
6146403
6326913
5142891
6444880
6859836
4825749
6686525
5059812
6446801
2703360
4842883
4083103
5871010
3363151
5059148
6295934
6049774
6832563
6088926
4590352
5646263
6593748
5090244
6668117
5091551
6021390
6444878
4706583
4836808
2666635
6627936
6434801
6093824
6614073
5139943
3234143
6700323
4119973
6053980
5075756
5026022
5081290
4147012
6411330
3174927
4881853
6146534
5195701
4873413
2477873
5952202
3135348
6696953
6305497
6148771
6515856
6388536
6291156
6068887
6488994
6460258
6494167
6218356
5236380
5106953
6453418
6372880
6135710
6309268
6274153
6305499
6221811
5626733
6383395
6156576
6591392
6481431
5132734
5980281
4189916
6613599
5231050
6596374
6619566
6617124
6471927
6566619
6388530
6457595
6260451
6515528
5572474
6495827
6068897
6026883
4928135
3948982
6099948
6394453
6453420
6461589
6699584
6479402
6535170
6263282
3135346
6396472
6629913
6702095
6716197
4642744
6278974
5991496
5187993
5036078
4747692
6301940
6162824
6105962
5293212
6541502
5086915
6638883
5176088
6427861
5129846
6369170
6497185
6148759
6428890
6211101
5626452
6040952
4651475
6191294
6393527
6000646
4653354
6460264
6450266
6478004
6394437
6183459
6242818
6591372
6526266
6342714
6320631
6369160
6326132
5249206
6400459
5050974
6653347
6331557
5695806
6541505
3753038
6477394
6662943
6263280
6441018
5170153
3135341
6472869
5052972
6346292
6190951
6164807
6534257
6651290
5163079
6479404
6666756
6723954
6638879
6341730
5058820
5977716
6128574
5764107
6457560
6646020
5094103
6222506
6174733
6170807
3863280
6251046
5102915
6593926
6211099
6361801
5043956
6506681
6885251
5928457
3774997
6333782
6218794
6644204
6014105
5972533
6136031
5626412
6458896
6148719
6067793
6075221
5952223
6584321
6022199
4772143
4786310
5074412
5977508
5824376
6507759
6423990
4787713
6582314
4909307
6479370
6591357
6331800
6148728
5142797
5750445
5950432
4895581
6365836
4883887
5788273
6694406
6148749
6555563
6026931
4322896
3134739
6338949
5234692
6622018
6273613
6660044
6365940
4140074
3823274
6358997
6110651
6014101
6239799
6376289
4316267
5750447
5946792
5072782
4644811
6239797
5928473
6434169
6591358
6242576
5938978
4733059
6148744
6401744
3740714
6660103
5828029
5372427
4912936
6833340
5071044
5824379
4350293
6250087
5688848
5750450
5797030
6507760
5041723
3449295
5448897
4570124
5824388
6026753
5928462
6067791
6065514
6148718
5287054
4481065
4047888
6527319
6075223
5142334
4664450
5647798
6507856
5925505
4912977
5824375
5859119
4322895
5048896
6301776
5920491
5364411
6033929
6527449
5750446
6389893
5112684
4912954
4796405
6014449
5750449
5032205
5894266
5322267
5165265
2957576
4481062
5928475
5287052
6888171
3134738
6444256
6450036
4664453
6148742
6488741
5993880
4644816
6301241
6450039
6471389
6450037
5486809
5245859
5148991
6530753
3853930
4996330
6820516
4912979
6729880
2796117
6737863
4768211
6801209
4800262
4912946
6850902
5750448
6801286
5189995
6897292
4768212
6488699
6004803
5141606
6830870
5984991
4375150
5835475
5033086
6203148
5479198
6787553
4372103
5074411
5859124
3560206
4647543
5486812
4796527
3132434
3486409
4912940
5120947
5935582
6173668
6402198
3286053
4877301
6108806
5320079
4767603
6137759
3794184
6040500
6830873
3067437
4742147
5084421
6594748
6582974
6718445
3939033
2301674
3605652
4216500
4887885
6038492
4883441
6051888
5835477
5020097
6356933
6305482
2725426
5486692
5448572
5905489
5142333
5910453
4342800
3048223
4378713
1538719
4738944
2689416
5890469
6444254
4589632
5926535
6288913
3934086
2740993
6805767
6718068
6390267
2301682
6614543
4076522
6284454
5306082
3328930
5458479
4140077
3486320
4309321
6555164
6515530
6582975
4030852
4978003
2450038
5316499
4796017
6047451
3076307
3820696
5384928
4584350
6411898
6644485
5283810
6385742
4885113
6500524
5844893
4912996
4822890
3461128
6495863
3260093
4283088
3827936
5336130
6801310
5170844
6048129
2728942
6394053
6003676
3955183
3349699
6084225
4405910
5366358
5120958
5037809
6272516
3166074
4500453
5101094
6768623
5380286
2789209
5301750
6317955
4734957
3188504
5074407
2788633
5000436
4822320
3891762
4251263
5287150
2725610
5425076
3357445
4767615
6065464
5851835
6062703
3199629
3801465
1538720
5515693
6063289
4441964
2867126
2315730
6652097
2714279
5020104
6242908
5408806
4135908
5768120
4220044
3868565
5840009
6423974
6771502
6394345
4793993
6305480
5126851
5768122
3814333
3863291
6839212
4803177
6659779
6039786
5099155
5768121
5260846
6503204
5888174
6273590
6416367
4157936
4803181
6000291
6189697
5881740
5622375
3936741
3730368
3758478
4135907
6685620
6394074
6266451
5835472
6079387
3758422
6563531
5451349
6085299
3933041
6510025
6322654
6563439
4332771
5135987
5835473
6086103
1526223
6486941
3730406
6528882
6766253
5820238
6779258
6737800
6842375
6747292
6766221
3730347
6927532
6842371
6015515
6806411
6691538
6535575
3851445
6637951
5901393
3618920
6763693
6806570
6747268
6815145
6805377
6813437
5855341
6805842
6521758
6383943
6737793
6763676
6661202
6842376
6606391
6686228
6452539
6801399
6369351
6221737
6833695
6564219
6344720
6374948
6739499
6454971
6435353
5012954
4762354
6806562
6405390
5107054
6716901
6670191
6801393
6502762
6926354
6434446
6170720
4731168
3205228
6141280
6739501
6815151
5385540
4739499
6535738
6879256
3633354
6021213
6001469
5414932
5322158
6301619
6385841
4803176
6819418
5967864
6798343
6056752
6701745
6565766
4803179
4114100
6075254
5888184
3286895
6805947
4957958
6401755
6700945
5932668
5033219
5197667
6021212
6166829
4123548
5787898
5511466
6526844
5429581
6117493
6369358
6879252
5867727
3604360
4908233
6502763
4860158
6686226
4989470
3063430
6452626
6418005
6367454
6424802
6766350
6799469
6131246
6414452
4803180
6815147
6745407
3988661
6226983
6030766
6521719
5881991
5330226
6385825
4803183
6526841
6755494
6641936
6806021
6356058
6385475
5936308
4114594
6685343
6535138
6790727
1526230
5136232
4226988
6263046
6132357
4826088
6575692
3670720
6467670
6596149
6454967
6486812
6021631
5484384
4580121
5977798
5897281
6169817
6677723
6288511
5340441
4860453
5107052
3130028
5070939
6739500
6570392
6526540
5902577
6146276
6755386
6194466
6605713
5972869
5291520
4442546
2816076
5139009
4995153
4804628
6526843
6390958
6414450
4228510
6879229
6526854
6148726
6684636
6522435
6583939
6506570
6038767
6819234
6118673
3851446
3604364
2151028
6383945
6437255
6052680
6068033
6288512
4497263
5795208
5520264
6806566
6700948
6627379
4871976
6486656
6606387
5474309
3927021
6604627
6879233
6409922
6385476
5425081
5120833
4884379
4061932
6662579
3205231
6544777
6805998
3553788
5058887
6236558
6314079
5714706
4989480
6657374
6253671
4651469
5303584
5993043
5450202
6593511
6799799
5322287
5886749
5366886
6209684
5444258
4608708
5399360
6314159
6562520
6436972
6176053
5398073
3926001
5506959
6103413
4719637
6631769
3337501
6317827
4768310
4423694
5909352
4896303
5969253
6743665
6146202
6729879
5119965
6432955
4317754
5224294
5795925
6292222
5102268
5906086
6693187
4462807
6427679
4812639
6437345
6366268
5506964
6017182
3753635
4358136
6407751
6403635
1350363
5290038
6694431
4101457
5816498
5796523
6444394
5801960
3854089
6464389
5713317
5938990
5523528
5626703
2602190
6009405
5296368
5754102
6414327
6156528
5409520
6562523
6399735
6006734
5429151
5409522
5891351
4319462
6129385
6120781
6331923
6808295
6133319
6584678
5920745
5134376
5931125
4322581
6331366
6014450
6092188
4167481
6331917
6506581
6592298
6778623
6411287
4480266
2602191
4797842
6262222
2978126
5999944
6023365
2818150
5301107
6464408
5654862
6392594
4696395
6271023
5838788
6120989
3060318
6314156
2820939
6506580
6423951
3757225
6369220
6128967
6314154
4946279
5762402
2978125
3891625
6354251
6445380
5875418
6262154
6301284
5732801
4756305
6369230
4719641
6449619
6613214
4651432
6445368
4896301
6021141
5911354
6596525
6446797
3753634
5523524
6331925
2762098
4891444
2574131
5757228
5322289
4708823
4157376
6049173
6366359
5603113
5792006
6371083
6308706
5859312
5626702
6300048
4319460
6114126
6038910
5876373
6506701
4977726
5885135
6593515
5944340
4891439
4651430
2598900
4723172
6217194
5002079
6120582
5962955
5290239
4719642
5743669
6440361
3970396
6194565
6659560
4959177
2818152
5997612
4651464
6654517
3757223
4639126
3051026
6056238
3460132
6079822
3509691
2978123
4077744
6056239
3118853
6644274
6737438
6805304
6691534
6795527
3460127
6754069
6737891
3753632
6359158
6072822
6743711
3534070
2820940
4719206
4319459
3651007
6070070
4896710
6017622
5253069
3572490
4958358
6638830
5236483
5037086
5811545
6081345
6631775
5738119
5086054
3750666
2481313
5253073
5731802
6416301
3940246
4189920
5236473
6461902
6346818
5519618
2387085
6655640
6416295
5731765
6081384
6608829
6907223
5253072
6691539
6907224
6907222
4642745
6819100
6787310
5737043
4787764
3097574
4824399
6212450
6624131
5337152
4893136
2587349
5046392
6212447
5200028
4563667
5738370
4634849
3471820
5865918
5329929
5152975
4528651
6789807
6087867
6097970
5016148
5855984
5731774
6115300
6115062
5086034
4168997
6076232
6686250
3395646
5482529
5956981
6780831
6737942
1370890
1370888
6839191
5956979
5816770
6245004
5956965
6134776
5124116
5028199
1960357
3397162
4213766
4157572
5776127
5028201
6244981
3615899
4861575
5103240
5732869
5234862
5983981
6486554
6697894
4528725
5666783
5900376
5090833
6180732
5214391
5970518
6234442
5373165
1402980
4986143
6189728
1466038
4875554
4949213
6679897
4948967
6738945
6587318
6018253
6250152
5135916
6423969
5983979
6190253
3113957
5252940
6159438
6049245
3294212
2516396
3927876
6227375
4781846
4483980
5264580
6165540
4976567
6049391
3380690
5449211
4983793
5234758
6505341
6476718
4840625
6592158
6787381
4777768
3976043
5003810
4840624
6837674
3913527
5099058
6189730
6318413
6676194
6427568
4840623
6321840
6081410
6367851
3046978
3483542
6307856
5760802
4797419
6501109
4918767
3483540
4844830
6501112
6291317
5900375
4217237
6322017
4660780
6133318
4634853
5593833
6780836
5135737
6170008
5760800
5855319
6501111
3351097
6363516
4501894
6831511
3046985
6711024
2350683
4730642
6246948
6255758
5762256
6402561
6265405
6662956
5260412
5945896
6257760
6049241
6476726
6102274
6257741
6250145
5238656
6591391
6505339
6587363
3852522
6160289
6241744
6045096
5945895
6042336
3976042
5988419
6336216
5127805
5022931
6140198
5829822
6678733
5589908
5075059
6255760
5811310
6744890
4036075
6250147
4693099
6320719
3268858
6563566
6627407
6389879
6318409
6649314
6339350
6048235
4643031
6637612
5852112
5166595
4329928
5738151
6555611
6160288
6780834
6716136
6811860
6288544
6859476
6472087
6745136
6743667
6796495
5975326
3385256
6779231
6051561
6631771
4851390
5767021
6437388
6679685
6244992
6099609
6686553
4697405
6518215
6002555
4643039
6676992
4973728
5336863
3518383
6318326
5774852
6357091
5028198
6346073
4677803
6738909
6614036
4037187
6701826
5406039
6686082
5733199
6232367
6131099
3951072
6701827
5061556
5101556
6461949
3340025
4026531
6478604
6738751
5236495
5732572
3771307
5238217
5748989
5237748
5100088
6427472
5277661
5732880
5732566
5890392
4541257
6743710
6743696
6686258
6743663
6691547
6192305
6859641
6183035
5440801
6830862
6691554
3314089
5996881
5028576
6907221
4643010
4165584
5978848
5626943
5607700
6859647
5116560
3885903
6707013
6707015
3355071
6744148
6349527
5353731
6859650
6089426
4869289
3891614
4546938
5993073
6402593
4793032
5607676
5092893
5774850
5425774
6753806
5811304
3922985
4180342
6212712
4221486
6244502
5337211
5200316
5173865
4184753
5116312
6628972
6049339
4051519
4274809
6488937
6691541
6660073
5028197
3250229
4592792
4643444
5982646
5906609
3984367
4187872
5738141
4052102
6880578
4948078
6212461
