# FEMALE/knit — discovered 2026-08-05T09:03:58.464782+09:00
# have=31 need=536 oversample=1.45
# count=536
6254021
6400464
6407765
4977146
5058792
5110267
6134335
3101626
5234460
6254017
3325429
6650423
5964209
5834396
6432465
6426018
4860154
5058144
4443475
6317518
6405601
6674569
3324515
6098013
2391985
5661413
6345635
6510135
4776783
6372388
5661404
5247668
6419171
6790547
6405598
6593780
5661406
6432468
5466466
6843966
6534091
3101644
6256253
6299625
6254012
5661415
6405604
6637433
6427652
4853003
6048607
6247127
5671249
6345632
6443080
6431238
5060326
5695786
6260454
4029932
5049514
6446562
5695785
6410796
5101759
6604955
6304781
6300778
4401858
4860489
5140109
6364451
6658463
6365740
6702799
5134287
6364396
5661397
5952029
6702802
6344918
5695789
4020993
6208549
6316101
6317521
6071291
6488580
6627309
5695787
6299634
6225063
6432463
6801328
5661403
6257682
6323414
4341115
4644830
6341396
6828170
4136895
6806332
6764656
5036600
4096817
5032503
4996379
6875642
6878121
5661402
6318245
6878140
4854795
4498147
4996378
4786756
5128576
4096819
6457277
4672199
6457069
6764614
3225784
4090044
6819433
6508105
4090035
6446807
3523747
4341113
6317911
6430799
6798673
4237734
3994699
6792634
6688856
3734638
5282740
6363356
6317913
6625636
5168901
6446846
6000677
3933104
5049513
6888826
6878045
4519556
6306577
4739492
6887383
6430800
4098687
6796154
4045065
3739461
3989331
5667589
5049512
4021010
6547969
6805568
6313838
3235995
5282855
4024777
6566761
2779179
6336167
6328258
3989313
6761295
4534437
6432293
4993349
6348398
6321544
6202558
3074492
6508142
4276269
5076204
4090048
6306606
4175762
3734639
5182877
6243207
6385447
4090025
4439880
6593774
4899447
6452396
6094073
6435039
5083352
5137279
4272279
4990136
6075285
3073189
3822405
5921482
3948574
6495843
6736462
5058790
6536042
6317570
6582835
4119970
3389828
6508113
6209166
3633363
4272282
6803293
3904254
6087319
3385774
6878133
4121644
6583395
6388356
4788786
6442554
6276821
6542869
6228712
2733940
6157162
6243209
4760313
4085137
6446850
5128449
6554872
6415339
4118599
4616660
6230942
6644769
6428617
5898106
3939120
6296013
4378182
4037211
5964053
6770836
6003530
5729270
6928027
5021349
6529137
3779678
5944051
6425986
4941134
6365563
6819193
5977618
6831721
2625090
4234701
6838018
4673221
6542873
6582885
4788772
6070666
6450662
3311767
6806537
5992505
6087320
4914337
6162943
2875301
4064640
3950709
5748204
4852188
6099909
6309554
5206371
6583188
6736690
6805762
5874030
6440673
6805564
6635602
6319998
5837880
4641862
5336590
4958883
6621654
4267570
6462666
4468870
3973885
5283539
5224940
6271354
6231795
5176369
4450765
4673218
5648989
3019828
5023584
6370041
6608053
6174482
5944076
5067250
6878132
6044724
4677722
6801322
6035704
6247132
4634776
6310616
4731860
6161213
5969890
6875638
4748996
6797239
5433425
6265309
4932194
5469805
4192350
3548478
5907812
4541445
6226724
6406716
5180481
6031672
3940572
6790345
4531158
4024774
5886969
4405739
4193567
6839206
3736054
4896212
4748995
3421619
5684762
5369314
4096816
6495844
6523447
3983125
3516569
3989329
3385736
5762396
4862071
4401273
5038735
6419149
5568498
6240371
5841213
6174337
6593775
6155768
4881269
5021350
6341397
5524560
6373381
5437271
3658874
4459570
6370050
4484515
6435383
3955325
6129447
4288320
5600021
4780455
6832000
6815510
4896138
6095567
5977616
5128445
6050256
2690373
6275847
5139949
3101645
6471353
6066180
3389847
4149829
5319124
4532347
4319502
6068196
4221524
4963623
6797996
6786854
5378967
6785630
4775549
2904383
3828791
6052210
4090047
6306621
6356940
3647685
4119663
5137489
6388266
6047750
5444560
4990113
6168208
5099307
4313882
2943140
6566763
6094082
3828228
6208538
6621937
5290884
5066790
4942050
4419851
5285050
6445282
3994700
5561465
6220392
4165249
5957558
6635611
6287205
6670941
6706391
6161212
6230939
4164930
4551349
4409916
6369776
4457710
3881601
6535683
3453950
4640742
5462350
5157289
6347411
4923530
5047485
5591685
3548477
4760782
3959508
5876765
6134332
6271352
4440078
4398323
6068194
4896216
4760028
5108995
4264691
6003526
4272277
5468633
6415832
4378175
6454981
6785490
3469486
4559141
6423186
6064184
3947453
4351407
6255514
6290268
5336588
2774862
5801744
5722293
4096810
4540717
4568318
5322697
6789111
5402053
4503917
5414613
4567882
3155778
5505726
4896166
4002390
4450754
5053141
5434646
2839173
5327228
6113744
3939371
5071216
4060148
2866653
4704501
6094087
4351414
6887381
5099379
