# ALL — discovered 2026-08-05T20:41:02.360678+09:00
# combined new ids; unique=1221 plan=batches\tpo_session4_shortfall_plan.json
# count=1221
6790498
5017070
6097982
6392209
5647985
5977162
5625950
5281559
6297087
5568215
4995130
6277755
5332348
4441083
6447564
6877671
6748498
6131003
4232253
6009477
4903906
5066222
5014033
4381448
5887422
2959269
5512524
6029354
5887357
5972876
4995180
3303185
1198805
5494490
5893361
3610025
6122539
5321829
6411784
3586648
3822700
6748933
1862614
6315981
2683131
5830324
6157093
3848929
4822822
4887934
5894849
4379738
2848706
3297258
6121532
6790641
6055056
3912515
4773835
6380365
5464328
4368891
5281560
4503535
6009593
6587308
3142711
6458116
4505407
5778819
3758252
2394919
4722630
6111718
3840733
4715051
6235077
6127268
3660399
4753625
6694077
2394937
5017232
6507594
4099588
5528021
6375121
5893468
5631090
3869925
4321186
3151186
6127271
4882732
5468864
4228507
6251609
5492584
6015987
5964870
5382399
3552633
3514433
6288325
3065748
6410049
5950159
4791967
5607733
4001397
5401949
4161443
5381310
4168196
4062266
3170206
6424336
5058281
5058278
6617644
6056073
3087627
5977164
3519533
5336145
5508541
4095670
6874705
3945143
4379733
5554745
5926556
3610028
6254657
6031448
4965327
5987571
5048020
6932846
5926052
4908302
3528877
6032016
5172528
6877684
4205512
4939308
6435397
6015980
4268880
6118375
5519239
5673676
6131015
3590009
5926053
6753786
3187223
5975370
6388921
5973514
5107396
3285463
6841914
3480330
5893406
3475869
2451348
5594278
6260331
6633386
6330038
5076041
4419696
5736698
4298656
3946195
5058073
5919229
6388708
6841899
2368068
6315979
6425000
5109330
3560339
5054055
6267184
3351009
4166968
3968549
6111025
4715053
6287370
3610023
6186629
3671288
3604203
5953437
5203176
6302211
6283056
5673943
5442251
5169445
6490935
5060675
4493576
3067219
4168133
4707372
6178714
5935845
4432832
3604206
3191909
4165853
4157580
5653198
4068050
6146920
6188096
3671290
3671284
3672779
6051986
5955520
3625223
4099342
6009651
4289348
4127364
6463393
3985540
6118384
6091809
2710993
6076712
4092324
2998236
5470648
4959966
3437474
5519238
5879683
2800940
5661814
4033218
5081588
4322013
4898281
5018453
6055066
5018450
4772535
3132352
6877690
6398873
3912500
3672746
3589056
5926042
6122111
4914399
5926050
5401947
4995009
4759768
6035269
5320966
4273438
4454698
5896741
4707485
4405124
4779950
5546895
3533321
6113835
6388866
4072778
6086941
6076718
5025239
5977026
4068041
4662909
3671297
3621284
6388627
3330596
4010117
5292431
2742452
4980257
5310743
4351556
5393267
5400544
4166995
4549101
2414909
5267748
4980253
6874881
6572143
4143946
5120503
6730357
4957960
6029339
6453827
5139010
6004280
4618813
5781279
6503203
3730410
5562254
6148724
5626035
6354937
6057351
5967937
4484532
5946573
4440359
6068250
3406504
6524681
5444038
4824384
4220816
6755451
6165097
5048618
5938977
6859460
6918866
6117457
5683984
5308594
4116219
4971138
6403244
5010099
5156241
5252574
4011468
6399213
5435506
4957959
6397896
5971890
4008299
4281002
5925405
4775728
6255213
5343756
6265368
4162280
6329759
6554782
6346449
6344721
5019994
6603537
6337613
2625155
6385580
4535575
5943094
5445866
4519931
5927816
1256060
5437990
5474157
5320493
6172940
6389999
5758059
6642829
6315401
6571383
5288733
5304595
5492749
6183153
6085340
6764025
6236564
6849552
4800321
6358692
5893180
6092360
5732962
3833833
6266500
6726869
5405414
6786796
6145762
5442578
5085068
3538995
6130051
5068915
6575771
6269817
5332979
5360558
3854491
5009783
6503202
3066989
6356766
6880385
6275875
6305476
5993081
6796453
6805378
4376802
5149475
2811246
4772451
6277210
5252573
4927399
5451347
5006631
5043044
5314692
3560804
6794262
4432568
6649714
2168392
5601309
6141019
6510030
6162454
3373958
6879665
6789270
6511748
3638206
5980565
5092907
4240532
4179521
4628953
3561725
4144442
5522425
6613702
5171121
5343778
4342575
6304825
5258046
6269298
5981216
5419112
5148491
2790773
5543996
4719631
6828233
6414008
5581262
5987714
5257565
5651551
5974180
3584405
6036626
6701251
5214605
5640944
3892192
5626023
5652432
6437261
5168441
5026699
3642335
6653741
4808134
6085238
5242699
6069322
3952482
6436721
4906384
5935731
2619773
6877734
6452861
3440415
5414928
5381538
6050180
6068743
5823118
3249556
6313739
4265589
6068237
6075256
6313074
5913807
4362418
5997523
4438001
4452859
3522878
6275874
5848409
6374942
6409923
3786322
5687842
5945831
6790766
5114437
3595038
5220141
6356767
5159974
4346122
4582580
6381769
5442574
5366354
6089458
6794259
6701564
5897279
5147242
3912796
5010177
5171113
5432747
6253356
4139248
6068223
6311478
3671279
5355232
6616381
3522661
4041079
5827749
5086202
5148488
3352798
5254343
5653772
6831908
5887577
4677703
6879507
3493521
6516482
4732886
3654262
5314998
6118674
6466521
4861306
4505445
6884976
5731951
3653762
5332770
4812630
5391925
5139611
6634661
5146251
3454130
3893371
5909515
6104834
4407532
6821346
5394312
2615838
5855343
6750933
6277212
6178961
4716777
5142775
6000119
3340801
5244946
2507676
2507651
4398245
4683512
2383509
2380274
2507627
4910616
6018323
5375629
6015812
5656116
6292530
5488271
4586560
6595783
2434680
4273897
4273891
6122263
5948699
4340089
5041862
3906269
6238350
5502967
6297242
2380270
6671271
5852080
3887497
3127245
4842932
4450823
5651008
5495508
6078111
3887502
5683564
6671278
2710137
1772548
5946211
5500665
4419311
3787992
6715064
4534577
4309385
5403060
6703949
2382268
3885564
5995219
4469626
2383511
5038099
6703830
5461983
5308649
6671312
4534587
4255829
4419309
4287550
4072580
5932215
5925184
6375803
2118094
4759776
3094256
2507657
3409997
4750898
4056656
3648052
2679525
5470907
4756712
1955309
4268311
3252493
3252307
5650641
4133618
5244960
4255816
3469026
6000121
5213989
2118095
4478445
4437549
5854453
4255832
4032677
1635816
1261700
1261699
3324624
5038097
5979889
5470896
5160227
3572601
6196121
6590372
1503733
1635818
4683407
6292566
5848059
3127246
5270204
4137500
5100345
4756724
5952178
4437547
1635817
6932776
1609450
6641938
5154462
5992553
4268312
6057378
5836454
4488362
5992554
6832869
5738367
3753458
6819158
5046354
5016147
4642999
4634850
5175497
2399105
4860761
2823526
5374912
5337153
4921911
5083042
6157179
6212713
3471819
5738037
2883456
3414542
2564201
2579768
3521952
5841361
2443372
5355294
3940250
5175521
6062713
6053705
3379413
6535081
1985379
5738511
4218033
2883444
5200330
4002543
3343637
5028535
5994954
3521379
6789867
6282418
6527414
5179511
3333190
6212451
1388299
4779705
2753530
5825976
4502732
6074308
6789890
6338773
5337125
2413514
5321801
6762609
5265020
6660074
2813091
3323533
6801052
6299855
6614707
6299861
6699547
6284788
4447799
4881700
3690755
5357041
5051849
1958036
3377707
4695373
2751975
6644719
6011049
6517404
6373224
4738331
6185957
6265968
3723004
6951006
4950761
5633421
6506705
5253164
6365880
6596004
6405479
6400625
6637613
6049325
6142714
6655585
5332784
6643232
5088292
6309166
2283281
2109911
1996997
6333979
6197194
4907820
4150922
4129781
5011307
5343384
6035126
6538947
6472414
2364987
6788552
5042403
4137462
6517099
5110005
6394248
5835943
3697255
4357850
3353249
5569010
6535088
6634959
3921268
5532210
5635499
4623672
6498226
6451197
3484326
5110015
5087400
5521787
6101539
6372846
4825580
4897277
2760715
6053279
5241412
5230219
5217120
3847092
6064853
5147258
6744492
4214830
2760711
2086162
5629812
6677072
5281551
4918363
6171218
6821631
6691544
6812751
6848277
6858950
6799033
6907225
5737934
6895657
2600393
6839235
4909342
6830861
6318403
4893145
6423998
6859471
5263414
2021756
6053577
1981956
6323271
5762296
6893941
6906116
6691545
6796494
5234893
6350068
4952328
6907219
5046603
6551197
6743690
6929210
6832645
6859477
6169719
6087544
5192239
6859474
5471456
4825876
4486853
6306204
6667542
5715323
6799547
5888210
6427563
6476972
5921421
6427556
5192232
6838992
3488904
4073839
6179046
4368302
2361167
4658863
6691552
5234966
6391266
5236364
6319435
5593836
6907226
5165462
6839270
4413128
3965754
5046659
6391660
5152955
6679898
4642993
4995188
6820927
6716139
2663879
1025412
5382555
5873909
5242719
5237564
6716138
3609984
4941854
6375351
4888736
3996962
6446869
6049734
6007657
5139646
5440835
5236355
6452454
4094824
2341473
5236641
3503122
6350499
6318473
4873658
3285956
4579726
6192540
4602668
5951630
5032936
5440828
6336553
6575469
3838685
6154726
2606164
6135914
5807993
6520785
6738943
4148027
6738919
4810003
4217248
4960329
5152963
6380390
6526329
6480735
4896183
6406167
5784978
6481332
6519689
6667343
5795969
6613192
6182469
6110837
5079056
6079870
6812738
6068898
4981674
6455116
6479400
5172066
5626712
3490081
6702491
6519608
5244397
6613563
6646067
6507743
6582542
6204307
5301129
5626713
2584837
5125899
5463414
6242816
6227207
6709129
6534195
6148733
4988408
6653251
6435425
6364079
4996374
5795967
5626557
6326487
4137468
6287023
6631378
5784949
6566508
6411837
6266283
4037447
6076142
5188498
6507671
4830116
6364077
6157957
6717069
3758351
6840186
4311839
6822078
4343750
5330210
5856564
6850883
6805467
4867875
3159799
1315090
2756258
5429007
4680833
4556433
5374954
1109142
6543081
6907229
6545976
2795617
5489432
1900349
4998714
6789262
6724539
5523037
5328479
6858717
6065790
4833820
5988237
5722322
2223855
5171763
5316889
5971046
4821913
5897998
4142008
6050612
3962993
4339590
5219889
6023687
5674124
4922501
5522368
3511303
2926512
6025694
6842256
6314744
4504697
6457059
5560201
5752169
5727505
6365565
4136810
2779173
2625086
4696534
5530259
6331900
2876623
6353443
5542725
2799746
5489929
5702341
4454277
6843356
3717028
5486392
5559926
2793913
2700050
5559572
5983169
5970541
4472089
4539440
4481510
5970474
3626498
5571797
5560359
3546363
2195885
4662550
2154738
4693874
4737470
5526390
4415723
2700052
3676513
6853557
6853554
5148062
4356794
5612614
4586288
4394013
5546778
4423183
5530394
5431752
5461485
5504056
5469574
5693490
5996000
5563297
5573185
3456466
5395635
5745919
5562403
6062812
4470554
5575753
4784167
5493822
6908905
2151608
5605741
5313582
6260137
6801045
5899685
