# MALE/outer_coat — discovered 2026-08-04T21:35:42.109836+09:00
# have=0 need=290 oversample=1.45
# count=290
4423161
2098325
5489923
3481219
865862
5552865
6034922
5354322
2042638
4448330
4448886
5641987
4446031
4438290
2116411
5797310
5530290
5573011
5691161
4448331
6843454
6679470
5516614
4423163
5552907
5627815
1674015
3405547
4500646
4558346
4209288
4209286
5553241
2192558
1649144
5581407
5735178
5489927
2845009
5683793
5627096
2745130
4656030
3546121
3656078
5564942
1753872
3405539
5736895
5647416
5701793
4209284
5393056
3583652
4209285
4407166
5627818
3606436
1173860
682241
5845095
5205700
5572913
655610
3656080
3606936
5353986
4542364
5594792
5946617
4548917
5565005
1705172
3556948
4583915
5627816
6843467
4610845
894959
5585180
5205765
2241859
4209266
4701991
4485058
4485057
5800330
5736889
3685327
4209287
5610123
5322064
1684196
5763497
5546008
3559307
5655576
2116413
4458829
5942351
2865153
2799745
6843417
674026
5546807
1165814
1618313
4549428
3588185
4617879
1738344
5594787
6019091
4446030
5593759
4658841
4538553
2922315
5531242
3741356
2884500
3460316
5755793
5356199
1753900
5683980
3606937
2897369
5608874
3617006
5316867
5353985
2737279
5453448
6131823
5604408
5609457
3695766
2156295
4407168
4583913
2839776
5641993
5205766
4590743
4665356
5205734
682240
3625160
6843364
2178231
5730685
2897370
3629613
6101186
5918563
272533
3614287
1667486
4361477
4596662
5461860
5655575
5758945
2241847
5489204
4538544
5683788
2780253
2178273
5531252
5401174
4589807
2542831
5553240
4795553
4648998
5316866
2945154
3651657
5557363
4209271
5684278
5755957
2944982
6843410
2851479
2182259
5604633
3556458
1651803
2897377
2098326
5626815
5356200
4463682
5531244
4538040
4727652
5652628
1685757
3651723
4581785
4517742
4579645
4605789
4657634
3646050
4648574
5453447
5754260
3588156
848471
2193621
5461862
4791155
5683920
5833178
4596544
5354320
5604421
5601935
5653368
5662850
5913376
896947
3561749
5722317
2897379
5211757
3543635
3860677
4567657
3619325
3629622
4564199
3631183
2969215
5442508
5460653
1753908
3661472
4538543
5684168
3732712
3725803
5205732
3741358
3614226
5352297
4581788
3986433
3603811
3592025
3465135
1725237
5211756
4657632
5699417
4485821
2865188
2958807
5460725
1662991
2182264
3546123
4567712
3651738
5752189
5662859
4564245
3603990
3101876
5354321
5602063
4549460
5576315
2860803
3610893
5933636
3570312
1753852
5653364
2860801
5808623
5583437
3661639
1668312
4531308
3651653
