# FEMALE/shorts — discovered 2026-08-05T13:01:35.320381+09:00
# have=105 need=66 oversample=1.45
# count=66
6070070
4896710
6017622
5253069
3572490
4958358
6638830
5236483
5037086
5811545
6081345
6631775
5738119
5086054
3750666
2481313
5253073
5731802
6416301
3940246
4189920
5236473
6461902
6346818
5519618
2387085
6655640
6416295
5731765
6081384
6608829
6907223
5253072
6691539
6907224
6907222
4642745
6819100
6787310
5737043
4787764
3097574
4824399
6212450
6624131
5337152
4893136
2587349
5046392
6212447
5200028
4563667
5738370
4634849
3471820
5865918
5329929
5152975
4528651
6789807
6087867
6097970
5016148
5855984
5731774
6115300
