# MALE/shorts — discovered 2026-08-05T12:59:24.655415+09:00
# have=106 need=137 oversample=1.45
# count=137
1466285
6706315
5242583
5774853
6799357
6829591
6198298
4186098
6832876
3994377
6812295
6819188
6839241
6819098
4637965
4915410
6833001
6222070
6238630
6122528
4581728
4334903
6812325
4873660
1772551
3610484
6792053
4674297
6829605
6048598
4683428
4179748
4659652
5400740
3418688
5457184
5369394
4305395
6407706
3975909
6246953
6238539
5852078
1466284
5142774
6562662
4683427
6407705
3720910
5272883
4305363
6681750
5500664
5761359
5920881
6833050
6122922
6829606
4747263
6198349
3056184
5278950
2650372
4383396
4288720
5847943
4367066
4756722
4683423
4032684
5369616
5244969
2413510
6366000
6724005
5482466
3779949
5023070
3610476
5512254
6662769
4221435
2382888
6425486
4217263
5154522
5100348
4788672
6812310
5309720
2507538
6272034
4655538
3200707
4251387
6812184
2456972
3610039
4154289
5006172
3796347
5457183
5309698
5205086
3406864
5749009
5196759
6199926
5196773
6801050
5006215
5497038
5457185
5196761
2875239
5936552
6671276
6294734
5178656
6265360
2507635
5433855
5687119
6000120
6038447
4683425
6371294
6671313
4305283
6015810
2438802
4437552
5205112
6219792
5154439
5683563
5279020
