# FEMALE/sleeveless — discovered 2026-08-05T20:39:46.748975+09:00
# have=107 need=63 oversample=1.45
# count=63
6380390
6526329
6480735
4896183
6406167
5784978
6481332
6519689
6667343
5795969
6613192
6182469
6110837
5079056
6079870
6812738
6068898
4981674
6455116
6479400
5172066
5626712
3490081
6702491
6519608
5244397
6613563
6646067
6507743
6582542
6204307
5301129
5626713
2584837
5125899
5463414
6242816
6227207
6709129
6534195
6148733
4988408
6653251
6435425
6364079
4996374
5795967
5626557
6326487
4137468
6287023
6631378
5784949
6566508
6411837
6266283
4037447
6076142
5188498
6507671
4830116
6364077
6157957
