# MALE/outer_padding — discovered 2026-08-04T21:35:49.955665+09:00
# have=0 need=290 oversample=1.45
# count=290
6754685
5479465
5438735
4356796
5357327
5573869
5562220
6077041
5277751
5653925
5425132
5560241
5425136
5747240
5872173
5747252
5966600
5237240
5215535
5752684
4423210
4423186
4423209
5590483
3703312
6888626
5546785
4394016
3689915
4648388
4423217
5581451
4612241
5320896
4762151
5362283
4423215
5303997
5347159
4488554
3612756
4569273
5711887
5573870
5320080
3563271
5570910
5378507
5572675
4438311
5611645
5480129
5461488
4437665
5320889
4474920
5462546
5768458
4523373
4437660
4754507
4488556
5243438
4558262
5538666
5747249
4423167
5553102
3607241
3780728
5572740
6877771
5685139
5551576
5402034
6780668
4305238
5551756
5658688
4503764
5686789
5613258
4508769
4586287
4603486
5215536
5661667
4423216
4568168
5590580
5689023
5608474
3644394
5754310
4541701
5320092
5767975
5504959
5673469
6679802
5618059
4456413
5538339
3621465
5504973
3470403
2659982
5538338
4465801
5592663
5357329
5872175
5320036
4605203
3563269
3433669
5585288
4359084
4548880
5373229
4488757
5613200
3601218
4505484
5865125
5573135
5627623
5695423
3562368
3433670
4488555
5299849
5431753
5308110
5722329
3542916
5480358
5489896
5563279
4508023
4438323
5648162
5546777
4452778
4539658
4622654
5401703
5566384
5767708
4523867
5528981
5763732
4527460
3614497
4351434
4505426
5521191
2114350
5558704
2992199
3562371
3616470
4648414
5737060
5477026
3601226
4538760
5661579
5536250
4492157
3433668
4469332
3571710
4438315
5497354
5543122
5551575
2220534
4569025
4475396
5718560
4470736
5503839
5627022
5528979
5561959
4356810
4604407
4502452
4448335
5546784
5694563
5768138
5238432
5636506
5489901
4374895
4394014
5320486
5625575
5497530
4614979
4470031
5267312
5401055
5362275
3495297
4537062
4481354
6576250
5572728
4379036
3618838
5695427
5521192
3667847
5480490
3604263
5438509
5243460
4505485
2782768
5543123
3455960
4325593
3612758
4503337
4320021
2854479
5673051
3556954
5504006
2145692
4356830
5583449
3440439
5459592
3671136
5741910
5363374
5449918
5678622
5468958
5575715
4469817
5475897
5672264
4438320
5461464
4491784
5480491
5267317
5561328
5489893
5401755
5722312
5723724
3441945
5374759
4552982
2855373
5627091
3589764
5558709
5600357
5414008
5690909
3589765
5504126
5694948
5611647
5817101
3667846
5551580
4314911
4399117
5593307
3607240
5551581
4481361
5238455
3638225
5716189
4481376
5758521
5463338
5625622
5508860
4604409
4505924
