# MALE/tee_ls — discovered 2026-08-05T12:58:10.755887+09:00
# have=29 need=393 oversample=1.45
# count=393
5996770
6897106
6099266
4968826
6008483
6192549
6143101
6219343
6009308
5308567
6232329
6528262
5395574
4528706
5414046
2149254
6686260
6078967
6066511
6050676
5899178
6320918
5957374
5943432
1275020
6697260
6043826
6565663
5701636
6014217
5762245
5944297
4917022
5898916
6065144
5951533
6686133
3839725
6716178
6247447
5342764
4745670
5327102
5928638
6076846
6618644
5878477
6018388
3898614
6320134
5987962
5427160
6656595
4394369
3624522
5964770
4306628
6232331
5870166
5911661
6919673
4927946
6004599
2818019
6350537
6147500
5389156
5954108
3271527
6143097
5308749
4995015
4227807
5836419
6030424
6058097
4179746
5316891
6136476
4592364
5928637
5139647
5429106
6320923
4843337
5992333
5911663
5403376
6417984
5891228
5238086
3838794
6320920
4334571
6135156
6004175
5376547
6320136
6606449
1838940
4844845
5981772
5353075
4825766
1375682
5871848
5964769
5695262
5399869
4884577
5290458
5404902
6319692
6656597
3996884
996234
5870958
6547063
6041093
5308085
6012829
4439881
5101774
6270686
5376111
6320142
4502938
5395562
5985447
5342766
5899680
5874762
5345796
5389228
5457078
6299502
6716181
6320129
6259355
1383816
5338861
6687638
4804262
3921829
5484281
5494157
6547052
4683958
5432652
5317473
5943433
4655128
6320927
5920428
2705733
5596341
6067033
3361949
4458402
5429421
6033418
6333200
5316890
1383817
2081571
6939639
6816024
6884870
621266
6833545
4337999
4747213
6939641
5369176
5362347
6885287
6812658
6804621
5891193
6156991
6939208
5885812
6136553
6863535
4882474
6933253
6939159
5516801
5313029
5967774
4837282
3534377
4806439
5891177
6948547
3839727
6815058
5356175
4327239
6863533
4882457
6155576
6779372
5914106
6075561
6314728
6173562
6885289
5605846
4804278
2118822
5545608
6066859
4739529
6816027
5371375
4826301
4757907
5444682
6812680
5977252
5958402
6880016
5891219
4887325
6245633
4806234
5542617
6059113
4743432
6179488
5810649
6121791
5975262
5589685
4739542
2999264
6049332
6723725
5417880
3904781
6221606
6840019
6543030
3060679
4971048
5946280
3858336
5937296
5410380
6537319
6270523
5931642
6812562
4850116
5287968
6454706
5097873
5326425
6858317
5530420
4469501
5328200
5473178
5559133
6217695
4935205
6010561
3779342
3786649
5243036
5931185
6451718
5891208
5371578
961565
5960801
6031710
5099851
5276006
6035596
6332828
6816031
5922100
4735836
5578923
3481250
4709139
5946315
5985907
6121794
5589660
6026853
5311388
5967775
6807886
4299358
6440773
5937291
5312602
4453098
2735053
5371376
6175722
3875156
4833533
5530559
6069591
6357324
5176422
6445920
4705195
5362475
6454728
2379973
5434929
5948441
4744445
6314832
1939261
6832908
6557210
6898752
4825783
2735099
6012461
6059118
6695454
6038050
5018343
6723726
5243278
3880832
5218315
5391223
3861928
3128195
3128156
6443207
6275907
6107120
6314785
4886714
6000584
3451069
6172774
4833647
5924931
394608
6052421
4911486
4051437
3212739
4747484
5852962
4271892
4472574
6157161
6124959
5346965
5434848
6502688
5974194
5931641
4485644
5512200
4882463
6465968
3425399
5986103
2848968
3543440
5996856
6236337
4762387
4452698
3531878
6315233
6729477
5485490
6839993
5213853
876557
5209139
5883148
5885821
6245412
4584824
5993397
3965333
4693677
5605818
6440724
