# MALE/outer_blazer — discovered 2026-08-04T21:35:21.737427+09:00
# have=0 need=363 oversample=1.45
# count=363
2444810
5097306
6111537
1558197
4800605
4566692
3148718
5224177
1108007
6288449
6101998
3241375
5224088
3825573
3254288
2808735
2444809
3148717
3826106
6214061
5935158
5106418
2572700
4619927
4566688
5106417
5106420
6048606
3319273
2318844
3241243
6223939
2444808
4576876
5360522
4449386
4847120
2572705
5489804
4852187
5897765
2443861
5903085
4412156
3800540
4312761
1895225
5289775
3249644
5361513
5215216
4847094
5964775
6469105
4448307
4818150
5899118
3516565
6102032
2318847
3508782
4514116
5316710
6309371
6299702
4222258
2407844
4898149
6102817
4705785
5312902
3838948
3561168
5515448
6065534
4898184
5258798
6696654
3361747
4312765
6832020
6085589
5369368
5375542
2848659
6315304
5145588
4847065
5357610
6469074
6085700
3059721
4308560
2480025
6021352
5970375
3805144
3805133
6071880
6176044
5940854
5916200
5316168
3271533
6020876
4928383
5545789
5581344
5903081
5975612
5229433
6004600
5899117
4438275
4757705
6038699
3830718
4827862
5916193
4312760
5916197
6245509
5837533
5350648
4769733
5328113
6084925
5758745
6696655
5341417
5988256
4464796
2168498
4798402
4705786
2443862
4384039
1446641
6145181
4273512
6114440
4305180
4510022
4595927
6754717
5437034
6037420
1446636
4087755
4494311
6065530
6102563
4833851
2792420
4715125
4928380
4928320
2183239
3854490
5973266
4870485
3433802
727847
3872309
6105177
5999698
5964867
3059720
6407720
5929442
5229434
4209366
6108098
6208989
4448311
5975591
3587375
3558358
3998427
4905944
2407856
3431892
3463671
5554600
3576435
4928223
5930617
4793653
4446174
4793663
6741966
1120482
6242607
3576432
6821490
6114764
5870366
3840737
6469069
3869040
5350577
5737562
4729471
5988257
3057178
4379865
6153986
5581345
4512990
2444805
3399817
1073841
4928274
6121864
6101795
4312774
6101999
3594166
4928159
6031123
3523916
4373436
4715124
5858678
5758861
5303906
4702321
3594168
3989409
1672321
4793645
4841253
4866403
5452085
4776331
1882618
4793669
5378078
5350786
6245449
5585335
5985806
4833852
3521959
5508302
4759112
5357645
4922861
2781541
2868140
2715887
4982176
3667813
5920823
4821827
3805132
4779793
3864669
5581393
6145221
6114518
5978782
4899093
3790871
6299698
4209364
4503475
3901730
5537297
5646144
6284777
4339071
3830714
4816795
2768487
4729445
4339070
4757695
4611669
6091808
4334526
2395102
5730439
5503736
5755132
4793657
5758867
5378090
6179185
6102475
5607024
3800193
6245488
5177606
4865116
5386664
5508315
6208990
4583899
6226263
1860914
4322069
2715869
5437023
5367969
4353584
3832707
4910034
4390793
2391429
5965783
2256579
2902728
5933046
5737830
5996635
6679544
5882203
3934368
3785004
4864941
4514109
5386414
3864668
3989408
3583848
3543036
5913486
4395956
5300882
3922101
4870488
5375491
5515444
3128988
5094692
2877966
4448313
5097617
2444804
6284657
4988561
4626178
5693481
3956146
4748137
5503782
6065772
6469104
1923948
6115296
3830715
4804620
4273511
6021359
3952398
3912169
3893502
1073845
4390788
1943146
6208997
4438211
