# MALE/outer_fleece_wind — discovered 2026-08-04T21:36:04.064680+09:00
# have=0 need=290 oversample=1.45
# count=290
4652853
6041618
5992470
5990761
4926625
4795032
6219777
6239341
6084316
4812147
5953433
3034336
6219790
6051153
4728678
3758213
5064198
6177065
4763740
4163700
6064315
3800080
6271743
6007698
3948530
6104961
6134684
4795582
6064329
5990760
6134687
4339040
4893576
5900201
6102008
6336190
3793566
5609638
6041633
1530517
6238272
1620287
6007700
3455892
6546305
6171072
4303264
5279207
6051318
6660066
5849242
6283770
5870962
6670811
3846199
3455882
3758212
5909711
4684728
6546307
5782827
2723218
6147437
3051559
6619570
2293592
6147432
5874438
3758214
4054249
4696797
4652865
6051317
3758217
3793565
6300556
4652833
4325506
5357659
6051319
3911229
5013092
5994534
5892140
5936108
3986413
6281820
4129881
5970725
5309634
5877528
4297941
4797692
6015146
4564458
4907568
4718493
5877832
4680842
4824249
3959176
3963050
6376117
5877522
3033224
3148002
6565453
4652852
5813203
5936124
6876831
5114332
4290271
5394874
5849243
2854211
5992156
3819161
5174443
6262473
4752759
6081667
4735473
5937253
3051570
2369684
4084425
5879866
5826886
3735868
6153805
5352207
4346266
1797842
6800230
6015148
6007249
6741981
5303916
4743208
6255373
5015243
6097452
703718
5279206
3864015
3929268
6084468
4802020
5968542
3807440
4709048
4936593
3942277
6643678
5979078
6153804
3343002
3468457
4095929
5928567
4936656
3063322
3452589
6176348
5604358
2534895
6012200
4351629
4883606
4129877
6626364
4907570
3906190
3621085
6491942
5318903
2710907
6015149
6026878
5936355
6323568
2301403
4878425
5991823
3788775
1530516
5463354
5303918
2703787
6070651
6160004
3946177
6019908
4945898
4747424
5096049
3407516
6021320
2471411
4151559
4049131
4652864
4702511
4330858
6173336
4095928
6009616
4472584
3826539
5877524
3852212
4762160
4078521
5968334
6177677
3840844
6107524
5228969
5994127
2627116
4702370
6239362
5964785
3393476
3838937
6068472
3010866
6081670
3621083
2739596
2398259
6029931
5982728
4936564
4088296
5991666
5754432
4821660
3917668
5141534
5981594
4392802
6070672
3589977
5006740
4853628
4472484
5963184
4732348
4881453
2487566
3444333
6015152
6323571
2755983
4564413
6066286
5993334
6524463
6060180
5132652
6491939
1571879
6262470
3840814
5753636
5861308
6222120
3542240
4293225
5396199
1571878
6045298
2737956
3872068
5436983
2857960
6140369
4336111
4907561
5276221
2627113
6079952
6513669
4652855
2462342
6176493
3101956
4784540
