# MALE/cotton — discovered 2026-08-05T20:38:32.985422+09:00
# have=88 need=308 oversample=1.45
# count=308
6790498
5017070
6097982
6392209
5647985
5977162
5625950
5281559
6297087
5568215
4995130
6277755
5332348
4441083
6447564
6877671
6748498
6131003
4232253
6009477
4903906
5066222
5014033
4381448
5887422
2959269
5512524
6029354
5887357
5972876
4995180
3303185
1198805
5494490
5893361
3610025
6122539
5321829
6411784
3586648
3822700
6748933
1862614
6315981
2683131
5830324
6157093
3848929
4822822
4887934
5894849
4379738
2848706
3297258
6121532
6790641
6055056
3912515
4773835
6380365
5464328
4368891
5281560
4503535
6009593
6587308
3142711
6458116
4505407
5778819
3758252
2394919
4722630
6111718
3840733
4715051
6235077
6127268
3660399
4753625
6694077
2394937
5017232
6507594
4099588
5528021
6375121
5893468
5631090
3869925
4321186
3151186
6127271
4882732
5468864
4228507
6251609
5492584
6015987
5964870
5382399
3552633
3514433
6288325
3065748
6410049
5950159
4791967
5607733
4001397
5401949
4161443
5381310
4168196
4062266
3170206
6424336
5058281
5058278
6617644
6056073
3087627
5977164
3519533
5336145
5508541
4095670
6874705
3945143
4379733
5554745
5926556
3610028
6254657
6031448
4965327
5987571
5048020
6932846
5926052
4908302
3528877
6032016
5172528
6877684
4205512
4939308
6435397
6015980
4268880
6118375
5519239
5673676
6131015
3590009
5926053
6753786
3187223
5975370
6388921
5973514
5107396
3285463
6841914
3480330
5893406
3475869
2451348
5594278
6260331
6633386
6330038
5076041
4419696
5736698
4298656
3946195
5058073
5919229
6388708
6841899
2368068
6315979
6425000
5109330
3560339
5054055
6267184
3351009
4166968
3968549
6111025
4715053
6287370
3610023
6186629
3671288
3604203
5953437
5203176
6302211
6283056
5673943
5442251
5169445
6490935
5060675
4493576
3067219
4168133
4707372
6178714
5935845
4432832
3604206
3191909
4165853
4157580
5653198
4068050
6146920
6188096
3671290
3671284
3672779
6051986
5955520
3625223
4099342
6009651
4289348
4127364
6463393
3985540
6118384
6091809
2710993
6076712
4092324
2998236
5470648
4959966
3437474
5519238
5879683
2800940
5661814
4033218
5081588
4322013
4898281
5018453
6055066
5018450
4772535
3132352
6877690
6398873
3912500
3672746
3589056
5926042
6122111
4914399
5926050
5401947
4995009
4759768
6035269
5320966
4273438
4454698
5896741
4707485
4405124
4779950
5546895
3533321
6113835
6388866
4072778
6086941
6076718
5025239
5977026
4068041
4662909
3671297
3621284
6388627
3330596
4010117
5292431
2742452
4980257
5310743
4351556
5393267
5400544
4166995
4549101
2414909
5267748
4980253
6874881
6572143
4143946
5120503
