# FEMALE/sweat — discovered 2026-08-05T13:00:26.163021+09:00
# have=1 need=362 oversample=1.45
# count=362
5910336
3074973
4338881
5884068
3033915
4313424
5799678
5555157
6840030
5298610
6925831
3052874
6256981
3469874
4702435
5968618
6108638
5256131
5864624
4706633
5355241
2369450
5445846
6770807
4719106
5124620
6849525
5447181
4385260
3863135
3480873
6185201
6508976
6925836
5245898
6929705
6583235
5124625
3842668
6107035
5977936
5343470
5905831
6093940
3824749
5570596
5029624
5935122
5343467
5484496
5322192
4574268
5355239
3353228
5682841
2392455
5124626
5369673
4379007
3545829
5374826
3932244
3779405
6050099
6365471
2723561
3705091
4796518
6148676
2846101
5743681
5528178
6138193
4671017
3544420
5124624
5570600
5944389
5968614
2211251
5542788
3047719
3508652
4408766
5628301
4338882
3607138
5298607
6114269
2697813
4085373
4917875
5398273
5310838
3663406
5445851
6583538
5570599
4135583
4850086
4567964
3828224
5478630
5349208
4435448
4461088
3010387
5835394
4917861
5386289
5735459
5320764
6000087
5778351
6154108
4796520
5754293
4698611
3870100
5952583
5376070
2179812
3116476
4468472
5949594
6024935
5349858
4698661
6015272
3624355
3892906
3536372
4586151
6583380
5936871
2698072
5342637
4749355
4843099
5944399
2977685
4485599
5682140
4430293
3254061
5445855
3250515
6365466
4319839
3006113
5314480
4393511
5320344
4327790
3708511
6135583
3254062
5445844
2132632
5307318
5640768
5570602
6068129
5952162
5775061
3041412
4761968
5913374
5385967
5910068
5899368
3816732
4562813
6136566
3907589
4822300
5349205
5936646
6163169
5374587
5462485
4435013
3627071
3663464
3086467
5353322
3460184
6583568
5734975
3514470
3892908
6194059
5935080
5944382
5259072
5562269
5743620
3577056
3544830
4472926
5924619
6274105
2698720
5281547
5305353
5978025
6099182
3544763
5891547
5141551
4807604
5558803
2213735
3925701
6015662
5899068
6365463
5271413
2096929
3875723
5589008
4823573
3726707
5905828
4319724
3825608
5367830
3577083
5398713
3804455
5548582
5473633
4319855
5610143
4543511
4595633
4508123
3565895
4425925
2799432
6042634
4750019
3594596
5340213
6009267
4428140
5905698
4803354
5445857
4897323
5360509
5846085
5322688
4355839
5340215
3842666
2977692
4133843
4468751
5582105
3864682
6111079
5616092
4508959
5780416
5981904
3612718
5598111
3747429
4265256
3025379
3038860
5320211
5979038
5519835
5674246
2823636
3825586
4316884
5354570
4556738
6819694
5937023
5445849
5936870
5368476
2369863
3622151
3930065
3882530
6144025
3478294
3605659
4464954
6031471
4683246
3450001
3823621
5461391
4415838
2328113
1385953
4528241
5904442
4342865
4342391
3061955
5436084
2725532
5973148
4329936
4311181
5386267
3465090
5038388
2710458
5314561
3491299
3929942
3544735
5587056
4627779
6114256
3484677
5893869
2392006
4493340
2433713
4650150
3753575
2697812
2977689
6019870
4383071
4340970
5190142
5982354
2705546
5158905
5567292
5369965
4818090
5105047
3112542
3597258
4455309
5436137
3457313
3849439
3547556
5447641
4189430
4401195
5410401
3457317
3020453
3779901
5320201
4467152
6188218
4306834
3330680
