# FEMALE/tee_ss — discovered 2026-08-05T12:59:56.208228+09:00
# have=250 need=218 oversample=1.45
# count=218
6822848
6744810
6852841
6309835
6772483
6243995
6296780
3267022
5927991
6345088
6842612
2462040
4982338
6697403
4772824
6437619
4684533
4116793
5104683
4659181
4719348
6321529
5136740
6737137
6330319
6778715
6860342
4832294
6089491
5019502
6370409
5910769
6367213
4098020
4972805
1930163
6461945
6507757
6049462
6138139
6209258
6286767
6250148
6702634
3934433
6449712
6371154
6075202
5870165
5150510
6014647
5995067
6403732
6372422
6730858
6384618
3995483
776697
3877271
6287727
6106496
6579992
6142333
6043891
6135802
6414465
5281219
6226967
5997429
3964291
4987290
6227308
6455096
6338168
5825937
6179825
6336575
6444669
6643255
4899792
6657049
6381797
6453637
6678860
6486648
6027751
5136578
6254138
6646141
6409574
6013713
6275043
6114416
4037460
6065687
4174678
6326544
6696689
6393791
6330072
6245538
6333282
6443860
4651438
6433549
6658522
5042257
6219202
6220123
6425819
6483419
6293633
5020169
6073097
5991525
3535312
5194530
6176037
4773435
6434722
4964038
6109097
6014480
6076184
6432189
6222105
6263729
6677915
6081985
4241528
6279035
6638886
6689505
6370666
6536350
6346627
6063277
6227338
6543587
5947565
6533456
6315715
6317865
6081323
6205590
6805433
6107191
6026148
6346109
5253131
6504496
5449070
6495945
6668088
5979607
6100809
6299663
6507755
4012766
6176401
6200538
5096769
6154048
4860463
6592251
5111991
6287712
4907945
5910752
4072496
6525800
6305496
6526404
6148855
6093164
4870286
6107157
6514596
3305784
6188156
6426012
5179887
5242955
4010079
6060992
5144291
6608129
6245719
6326543
4719345
6536752
4988306
6003366
5019496
6687292
3884752
6403736
6646074
6012487
6207544
5158314
6610130
6455076
6097176
6417977
6854027
6503245
6351379
3204913
4073892
6365265
6483674
4954245
6123574
5198233
6423466
3970067
4755656
