# FEMALE/outer_cardigan — discovered 2026-08-04T21:36:56.293862+09:00
# have=0 need=290 oversample=1.45
# count=290
6499914
6319969
5059063
5104486
6858282
6273570
6843949
6127744
6401861
5980112
6458651
4644652
6227070
4982343
6402661
5626716
6291325
6127741
5283519
6314223
4651436
6401860
4764029
6510137
6084368
5695795
5053030
6722078
6586736
6604566
4665100
5795971
5945825
4734766
6596457
6593581
6458645
5815195
6336169
6284769
6394273
5049575
6140464
6738493
4644642
6810009
6133753
3225200
6492271
5051804
5695797
6331313
6401862
4993212
6275358
5695796
5788833
6376302
6593579
4782216
6198959
4356611
5671217
4957964
5070728
5759548
6173525
4267560
5695799
6651358
6538565
6593577
4860552
6593578
5494446
4644654
4982335
6210312
5165756
6460331
6436829
6405547
5671232
4835472
4212728
6517452
6455278
5463640
6299871
6133752
6436815
4090468
4644640
6331314
6111507
5059023
6685423
6736407
6644445
6751889
6764715
4820911
6772254
5795972
6790269
5695783
6067633
6748691
6709515
6769875
6364865
6842400
6764691
2448856
6777031
1952822
6112437
6768007
6736408
4952700
3221045
6768009
6709518
4860554
5671234
5101618
6849520
6418140
6814039
6768008
6496434
4644687
6041416
6709517
6112423
6859452
6297673
6593801
6247126
5964406
6798798
6623823
6244854
4981750
5024055
3822390
6398182
6161207
6444152
6297895
6269079
6730510
4440411
6283945
4005639
6860155
3577852
5436962
6794254
5547685
6268965
6749251
5984599
5115213
6390376
4958747
6840601
6654283
5156706
2583949
6296246
6104894
6247125
6502844
6754258
3893122
5474259
6337716
6593744
2204010
3621535
5723783
5336533
4276889
6476478
6321588
5081788
4835473
4274754
5587794
4408708
6798800
6208560
6728688
6623011
6494438
6535751
6450061
5671231
3336250
6297318
6614523
5205921
5101766
2448857
4519568
5751723
4756610
4172594
6224774
6393914
4090451
4668061
5961717
6458371
5020794
6390127
6790203
5636441
2448863
5613185
6188389
5425447
6016365
6860248
3821705
6478025
3631080
5903615
5385873
6714194
5336521
4644657
3264306
1770341
6337980
6423940
6112432
6003596
5124172
6859984
5202613
6388752
6651686
4450813
6458370
5992623
6331315
4076201
6013281
4202758
6460867
6437047
6221384
5976759
4887910
6097117
6162806
5397901
6489986
6421532
6790194
5447677
5759269
5974418
6566393
6794255
5159703
2581842
4952038
4410509
6685410
3081720
4677717
6209912
6747310
4727850
4718400
6198953
6035185
5115202
6063274
6625158
4117233
6354572
6608612
4267545
4971928
6666387
4613181
