# FEMALE/shirt — discovered 2026-08-05T09:03:39.586581+09:00
# have=80 need=464 oversample=1.45
# count=464
6843867
6099999
6830301
6482889
6109870
4672691
6534648
6671310
5661634
5037766
3250324
6414326
6161432
4761059
6110012
5051948
6300517
6526213
6270668
4074148
4109209
6304638
6416524
6176036
6610242
6753056
6805009
5031442
6299397
4898154
6273650
5928489
5162361
6362958
5037764
6322021
4904351
5244137
6604361
6561668
4696029
5982835
5414478
6252147
6161226
5996650
6226828
6508579
5010921
6234015
6455189
6610022
4942038
6405693
5138274
6386125
6737849
6633749
4836983
6459101
6610338
6444072
4237722
5661656
5186515
6273949
5059598
6413829
6276029
6313731
6652172
5035168
6526566
6471360
6443579
6416391
3056563
4898141
6382131
5041201
6300435
6645506
6572925
6450143
6586768
6478971
6547749
5007198
5106795
5033561
6270737
6366104
6702636
3289123
6331574
6355355
6534102
5981129
4050211
6403702
6402521
6403253
6452775
5186512
6056281
4622206
4964147
4063129
6809864
5982930
5139363
6276088
6652176
6401598
6400220
6565490
6481143
5114044
5878830
6724966
6067414
5192797
6481467
5131398
3132867
6621963
6509263
6016977
4112293
6697352
6610304
6345367
6491039
6830244
6471359
6193107
4380234
6403706
6263357
6112492
6458181
3264050
6322013
5139619
3132866
6259044
4986126
6302029
6455188
6431090
6502499
4040873
6477024
4037485
4138422
5435233
6407666
6218324
6423745
6731255
6359182
6631343
5118752
5156740
6336152
6506674
5978140
6386864
6221780
4182859
3758475
6149103
6809826
3902217
3989794
5139415
5657924
6291613
6367499
6237555
5137375
5026701
6388719
3863300
6237527
6341448
6026666
6110005
3902739
6699536
6586742
6471366
6491045
6430809
4045323
6391432
3773940
5661636
3097185
4226829
3992317
6070376
6581372
4077847
5977764
6278378
6263300
6659742
6583193
6403704
6173805
5129632
5661650
6319604
6026660
6455913
6067415
4236534
6068795
6458211
4763982
5229333
6348524
5354751
6199070
6771528
6590028
6586755
6100000
6527303
6407673
4121422
6345408
6452375
6591028
4221666
6366250
4982300
6506676
4773411
6105003
6671336
6435718
6336150
6475621
4984269
6351799
5156585
4719606
6347408
4135117
5162354
6384735
6302200
5981100
6221202
5657931
6427602
6200801
3132864
6237363
5892282
5929175
6525869
6418957
5470316
6768220
6526215
6373911
6372860
4040853
6633754
4404721
6809794
6722033
6296274
4927373
5177174
6372828
6624961
5869521
6079721
5901406
6503235
6768213
6427606
6658500
6158172
4973525
5007309
6392832
5982871
5661660
6101610
6523446
5927402
6525871
5145984
6385511
6510154
6613537
6365291
4942039
6079671
6442468
6809891
6517489
6555338
3154978
6244825
6524536
5074101
5892424
6067418
4996978
3218049
5007041
5975600
5657929
3989792
6772032
4908168
6114306
3758454
6322099
6398132
6455187
6130180
3155032
4140188
6662333
6809912
4095730
6452729
5246895
6443830
6271598
4927057
4806168
5139361
6203903
4899339
6662337
6455029
6809837
6393804
6149102
6273652
4037487
6291900
5661655
6161223
6067422
6809800
6271298
5134199
6339802
6372472
5977779
6234263
6619635
5354755
4947945
5977778
6581369
5106794
6263396
5041219
6444589
5007193
6585957
2390902
6319603
6640954
6843857
6105005
6755346
5058974
5657927
4973524
6283034
5117273
6517484
3271281
5657923
4167244
6326570
5007327
6430810
5405939
5661638
5192807
5061051
5980637
4753468
6543945
6728387
6003494
2608645
6275887
6184283
5657925
6809833
6226150
4137568
5010926
5367157
4073974
6277519
6331851
3758453
6014465
6257538
6349300
6221417
1951473
6398090
6736413
6386942
6491042
5055131
4761011
6640886
4137534
4929281
4368243
4764012
6679301
6458185
5657926
6842372
4137626
4794866
6322102
5841015
6763914
5996648
5038647
6304029
6262654
6200090
4242344
6109207
3800488
6805288
6809791
6322025
4093520
6345406
6807638
6221585
6805161
6856000
3153153
6777512
4095598
4974186
6189693
3901937
6815978
5968782
6510157
6770788
4622207
