# MALE/hoodie — discovered 2026-08-05T12:58:32.772108+09:00
# have=10 need=348 oversample=1.45
# count=348
3893365
5871614
5873397
3893377
5308081
5315438
6237329
6769505
6265163
4302685
5839958
6101722
4456821
6189736
6660832
3030274
5835088
6769500
5937520
5992402
4813630
5948221
6046657
6656584
6656585
6833520
1572220
4513303
4354690
3534440
4780428
4354691
1777052
5716259
3460245
6833522
4260118
2713976
4486949
5391217
4707059
1667886
4265264
3116779
5790753
6029558
5391218
4698056
2733386
5183235
621986
5432501
4304694
5892118
5716261
3464998
6767252
6196445
2733401
5329872
5511840
3683856
4272965
6239442
4528715
3452762
3909299
3056873
5944300
3536435
4458372
3582805
5892115
883163
5758048
4547400
5811219
5183243
4446128
5937012
2733392
2673249
3712992
6065342
4020796
1861935
6103463
3065008
5877534
5299388
6046748
6861140
6077172
6746338
4341043
1139420
5303802
5459067
4808319
4680895
5658162
5232681
5426024
6076035
6043014
4440410
5799256
3452808
6075493
5312748
2737768
6050628
4326536
3095946
5341902
5353408
2089169
3192894
5503119
6807851
5700700
6050170
3192896
4753388
4522628
6046679
4370946
5756113
3767735
6364871
5607837
5586798
4725499
5380806
2208691
5536062
3578951
6084427
2990527
6023671
5308455
2627090
1615829
3530537
4493374
3995925
5380233
5928055
4423028
4444798
5911021
5631270
5700757
2977555
6046627
693682
6005577
3461436
5868987
3424000
3541298
1837255
4505926
4468265
6293094
5948525
6850032
5823273
5791777
2314616
5386349
3816392
5695549
5332443
4725505
2043588
5945199
5007060
6445917
4431785
4474407
3907158
4604677
5712946
4444955
3793141
4844534
2995086
5099869
3533481
5916838
6686201
4626348
1837256
6110632
5359208
6114418
4629601
5911669
5786725
4277692
4631308
4385283
5511450
6183094
6189735
5790757
6791856
4804544
3571169
4701936
5438112
2208656
3551297
2099880
5327192
3475628
4315211
4409421
5484711
5861388
3954063
2990438
1585772
4431794
6200234
5534819
5451738
2736875
6005574
4633599
6323332
5918893
5791781
5658488
6325676
4808926
4444910
6815693
3114894
4418786
5535032
6861143
3799338
2990504
5799261
6807837
2104875
2050764
5099872
6075494
4412379
5436836
4202541
4567130
3772565
5982786
3766738
5352832
4247891
4385282
4570970
5756112
3562709
4784450
2109937
5877533
3010892
5558441
3057576
5380237
4558206
5959419
5409046
6738351
5602505
5559465
6200231
5733247
4680883
2959596
5320042
5385723
6065339
6201763
3590907
4949366
4284612
6099565
5433394
4774350
5528368
4311450
3532074
4791760
5671258
5658617
6881017
4321111
1572221
4603507
3044122
4312788
3792774
3497005
5519992
3574472
5397080
5694194
5935990
4860438
5270722
5937518
5593651
6211798
3869930
5406000
3799339
6885283
4402120
6410829
4900496
5511589
5377828
6061365
4397049
5413133
5506995
2990499
5760978
5359209
3010895
4649674
4837142
5899586
5552475
3742206
3088138
5965247
2756237
4401697
4462114
2106705
5631271
4570973
5930668
4105947
4460669
