# FEMALE/cotton — discovered 2026-08-05T13:01:18.053028+09:00
# have=52 need=288 oversample=1.45
# count=288
4135908
5768120
4220044
3868565
5840009
6423974
6771502
6394345
4793993
6305480
5126851
5768122
3814333
3863291
6839212
4803177
6659779
6039786
5099155
5768121
5260846
6503204
5888174
6273590
6416367
4157936
4803181
6000291
6189697
5881740
5622375
3936741
3730368
3758478
4135907
6685620
6394074
6266451
5835472
6079387
3758422
6563531
5451349
6085299
3933041
6510025
6322654
6563439
4332771
5135987
5835473
6086103
1526223
6486941
3730406
6528882
6766253
5820238
6779258
6737800
6842375
6747292
6766221
3730347
6927532
6842371
6015515
6806411
6691538
6535575
3851445
6637951
5901393
3618920
6763693
6806570
6747268
6815145
6805377
6813437
5855341
6805842
6521758
6383943
6737793
6763676
6661202
6842376
6606391
6686228
6452539
6801399
6369351
6221737
6833695
6564219
6344720
6374948
6739499
6454971
6435353
5012954
4762354
6806562
6405390
5107054
6716901
6670191
6801393
6502762
6926354
6434446
6170720
4731168
3205228
6141280
6739501
6815151
5385540
4739499
6535738
6879256
3633354
6021213
6001469
5414932
5322158
6301619
6385841
4803176
6819418
5967864
6798343
6056752
6701745
6565766
4803179
4114100
6075254
5888184
3286895
6805947
4957958
6401755
6700945
5932668
5033219
5197667
6021212
6166829
4123548
5787898
5511466
6526844
5429581
6117493
6369358
6879252
5867727
3604360
4908233
6502763
4860158
6686226
4989470
3063430
6452626
6418005
6367454
6424802
6766350
6799469
6131246
6414452
4803180
6815147
6745407
3988661
6226983
6030766
6521719
5881991
5330226
6385825
4803183
6526841
6755494
6641936
6806021
6356058
6385475
5936308
4114594
6685343
6535138
6790727
1526230
5136232
4226988
6263046
6132357
4826088
6575692
3670720
6467670
6596149
6454967
6486812
6021631
5484384
4580121
5977798
5897281
6169817
6677723
6288511
5340441
4860453
5107052
3130028
5070939
6739500
6570392
6526540
5902577
6146276
6755386
6194466
6605713
5972869
5291520
4442546
2816076
5139009
4995153
4804628
6526843
6390958
6414450
4228510
6879229
6526854
6148726
6684636
6522435
6583939
6506570
6038767
6819234
6118673
3851446
3604364
2151028
6383945
6437255
6052680
6068033
6288512
4497263
5795208
5520264
6806566
6700948
6627379
4871976
6486656
6606387
5474309
3927021
6604627
6879233
6409922
6385476
5425081
5120833
4884379
4061932
6662579
3205231
6544777
6805998
3553788
5058887
6236558
6314079
5714706
4989480
6657374
