# FEMALE/slacks — discovered 2026-08-05T09:04:12.563129+09:00
# have=20 need=406 oversample=1.45
# count=406
4644462
6226163
6166049
4655655
3134729
6544339
2792571
6550870
3823270
2533539
5820422
5983623
5858718
5106391
4644447
5820424
4644459
5858720
4073171
5795869
6552556
2257610
5858719
6112194
5073437
6029417
3134755
6442434
4644455
4644460
5820421
3639546
4651426
5982840
4425685
5216335
4672906
6796383
3084033
3133901
6794333
6101545
6581212
4872364
6273990
6815975
5305082
5967753
5021523
3169313
5071200
6276595
3574426
3870676
6525766
5059159
4742774
5952032
5904076
4322114
2415072
6160617
5085186
2957572
4757015
6309772
3633345
6321023
3915516
3305360
2765086
5711560
4889977
6565362
5967754
5038552
3356699
6605303
5972087
5090750
5976722
6273989
4863553
5625776
4303024
4076982
5066677
4896381
5904061
5007804
6022198
5946686
4828101
6091239
5047836
3696257
5131442
4889966
5405843
4708622
5080646
6469884
6129354
5227731
4614450
2760936
6296233
5178507
6372189
3247082
6273988
2774855
6363373
6173660
5007820
5472126
3907544
5349044
5887479
5608947
5160335
4981836
4816036
2460479
6001027
3488342
5223351
3254214
2911958
6367267
2732585
6537250
4967979
6208498
4757013
3854494
1633970
5678895
6362732
4896195
4432203
6815982
2144951
6817923
5472080
4752138
5073418
6049257
3934726
6000160
6679614
5997627
3484218
5745831
3522992
6128585
6322393
4064730
1215165
3347299
3508828
5458593
3547939
5297438
5911224
5290874
3963104
5106095
5364501
5391546
5700422
3915504
5225389
5223217
4547360
5735900
4891356
6173540
5349045
5128573
4755883
5469192
4400571
3870719
5066679
4981834
5946395
6137780
6349702
4664709
5268774
6009043
6608353
6026286
6804946
2306947
5356706
5975336
6457713
4286343
4269995
5558629
1830532
2710857
2911962
4327569
6426187
5175839
3799844
5401945
6645530
1687347
4146820
6068063
1932195
5706413
6501572
5949910
5735904
4989409
1713766
3137691
4375489
5013334
2335659
5048834
3137382
6432981
6174667
4387586
4836143
411711
5108353
5935044
5086847
5939115
3570570
5450195
6604679
5472102
4765450
4734025
3753107
4737399
5911217
2939806
2087535
3356704
2870539
4837546
6341861
6290373
5626809
4742732
6000156
4628266
4648707
5302721
3989278
3062835
3989267
5603001
6543230
6779806
5460770
4697709
4764261
6006664
3088521
3670708
6056181
6787337
5333876
4238718
4417189
5841208
5983662
6100496
4342411
4788857
4608531
3867760
6393650
4888066
3581319
5382557
6173663
4866448
2795650
4973040
5735909
4477706
5273226
6154555
4896202
6779379
3731381
3731351
5685413
5312841
4085338
6094681
5196358
1594279
5033899
2207978
5268765
5678854
5706412
2721561
4747762
5090714
3838479
5859105
6041244
3109810
4432152
3570552
2806536
3650280
5066675
3955232
6563766
5205114
3078124
5679209
1634765
4785130
4385614
1594293
3753528
3553641
3759464
4745252
2590844
4759872
2257611
5822252
5107915
5275070
4494994
4388338
6016102
4605165
6049166
5046003
6543227
4313773
4560915
6000158
3891738
5471267
5919787
5188861
1932985
5740638
4920264
2930156
4611752
2398708
4029050
3197199
2792356
5073457
2360525
4899076
5484254
4766290
6373937
4357663
3522996
6731078
411716
2431025
6324430
5735907
2335678
4701416
3494298
5086655
3731377
5394592
4511858
5911220
5178506
5106097
6313590
3171234
6820241
3731397
5361225
2870535
4963823
5118717
4289944
4138266
6614131
5911289
3193543
4422613
2375356
5911412
6332998
3152584
3958674
3737746
