# FEMALE/outer_fleece_wind — discovered 2026-08-04T21:37:05.710386+09:00
# have=0 need=218 oversample=1.45
# count=218
6480709
3790852
5973119
6453408
6092190
6831814
6235899
6436994
6379969
6239348
5207256
5897086
5915063
5671241
6455779
6219883
6399737
6022309
6007706
5207259
6036177
6093558
6092870
5095281
6005538
6831824
4747428
5671244
5994824
3790854
3056621
3790850
6083485
6007707
4994955
6218663
6752626
3790848
6370400
4885239
3804319
6107296
4865385
5966140
5982928
6405627
4012755
6021297
6015139
6057273
6079301
3816557
6313715
6798982
5361270
4949622
6070195
5835408
5982926
6547779
6112071
6591895
6593625
6711389
4865382
6057494
6021296
6348003
4719843
6162414
6000900
6286497
6036114
6291281
5987605
5495761
6065437
5840989
3835864
5176711
6063844
6591892
5997615
6291265
6112067
5966137
4994945
6691586
5994513
4134281
6000863
4614488
5930343
4184276
6399572
6008539
6328707
4564525
6314881
4895620
4776132
5982927
6083530
4790939
6093528
5929530
6022320
6372259
5361273
6138123
5659060
4896174
4716982
6219855
4994914
5966133
6381012
6150158
3902177
5284266
6442181
5838377
6306684
3939409
4775401
4747426
4826719
6278595
5104519
4860298
5149478
4907754
5147495
6817063
4718482
4142943
4107380
6524603
6455780
4762426
3823677
4792553
5999881
6122936
6796410
3916488
4924240
3864804
4866636
6218661
6097429
6526571
4747425
5104517
5386308
5925357
5415081
6065425
6593622
5049797
3035928
3783563
3786908
5931023
6112103
6366021
5658938
6179010
4794385
4997978
6437010
6263185
5982727
4895617
4381401
4846831
4967800
4348013
3865936
4697561
3099943
4735471
5979071
3960879
4730781
3844540
4758498
6271348
5387919
5096065
3777417
6399797
6166550
6070194
2340573
6015136
4949486
5925356
3942278
6627703
5875835
4325978
3153212
4757460
5543767
5394571
3209862
6737941
4781834
4426076
4399219
5104518
5408461
3477591
4696948
4548789
6375835
4642750
