# MALE/outer_jacket — discovered 2026-08-04T21:35:34.288050+09:00
# have=0 need=435 oversample=1.45
# count=435
6021332
6132994
6432958
5311114
4652845
5310906
4705476
3790838
4575686
5755269
6443232
2411158
4696752
4375421
5651695
5595263
6055644
6061819
5320096
5522720
3096448
4702360
2100776
4519312
4341041
1291017
5892146
5386037
6176122
5408215
3799350
4821448
5949926
6044981
5913088
3576668
4503217
5260157
6085445
5964813
3390511
5976856
6020757
3518878
5563266
5998086
5438685
4702333
5874823
3776141
5945211
1837272
4705457
5992266
5986852
2100775
5719178
3438289
4438398
3812476
5320060
6069874
5968420
4290298
5621022
4846604
5451232
5949922
3752915
5431360
4503304
5386035
3870195
6407847
2756331
6050736
3115409
6057949
6038808
4995175
5998211
4344225
5318976
4577431
5993174
5320058
4344495
3729210
4344238
4448318
5984182
6044984
2186102
5952108
6068975
5615157
4705907
6016795
5310784
3783380
3614983
6007596
5579166
5384864
2163319
4398431
5596675
5408196
5401569
5913080
4303308
4390849
5392898
4864900
3832688
5885915
4368853
4738410
1291016
6015651
4757544
4443028
3528695
3533342
3816993
4863391
5902944
3851646
2443147
5976441
5352640
3390508
5438700
4931219
6019910
6068475
5884309
5978678
4693359
6374216
6000312
5952107
5908004
3479967
5431540
4687676
6085450
6034149
6021333
4482783
5701484
490312
6725516
4732817
3922096
5349937
4866824
3902684
5461864
3576663
5611805
5575866
6040049
4995174
5397048
6038233
4866813
3533344
6019582
3030734
3613548
5506325
3542950
4802125
3833380
4454200
4481899
2864071
5448927
6115649
3490861
5889854
6176121
1850274
2896386
6280696
4895303
5276059
6002800
6566177
6111123
3586628
5579165
4860515
5431354
4764705
5289749
6000313
6007591
5639548
6020945
4316504
4656062
5908006
5858804
4311474
5350426
4209314
5976440
6099728
5377308
3504915
6015650
6084874
4580982
6028116
4364362
3096451
4446018
4500279
4752941
2550835
3190729
4416207
4343986
4774126
5863930
5959966
3729071
4875853
6066673
5420319
5310771
4921354
6188504
5316725
3613549
2773078
5553036
6062942
4461860
3011732
5551719
5862305
5431357
6019913
4728671
6208999
3794316
5937628
4931215
3794322
5355416
5863470
3752875
5349835
5323687
6012586
5289746
6092393
4337794
4456860
5314426
4438400
4427532
6188670
5547157
5941540
2163318
5356741
3438588
4446017
5572428
4768814
4778440
5352440
4470539
4925569
5309636
3170183
5462355
5476664
3037892
6036292
6180935
3552926
4316506
3504913
3705079
5323744
4787673
5984185
6062950
3065847
5016103
2085156
5276057
3840794
3589073
3011925
4705608
5401063
5331461
3799348
5920882
259225
3589072
4875963
5310779
1695429
4761007
2861509
3550660
3050823
5243103
5972510
5383113
5711831
4527612
6086998
5420292
5930853
5349887
6050219
6040044
2954861
4390791
5723544
4364906
3110304
5532350
3864954
5547150
3791137
3472698
4602383
2886751
3725938
2322837
3096449
4346625
3814170
3438579
4099191
4408944
2370850
4364361
5895789
2365202
5347808
4866820
5891878
5615159
4455048
4617229
3594917
5974591
3667842
3480986
4834903
3075081
5317649
2780308
4732816
5673674
5749039
3490860
6087778
5434813
5730470
6034860
4667383
3731399
6426728
3917524
3010708
5729925
4461809
4416349
4952054
5419690
3054929
4481009
3716981
5310775
3901635
6245128
3562280
5553072
4846981
5353987
6131416
4506185
5949110
5854440
4875905
6096757
5978702
5398702
5189097
3049491
5683950
5409143
2725563
2279463
3631788
5992560
5463811
4481901
5363168
5977399
5982451
6032870
4266761
5889964
5897917
4881701
5497996
4316239
6038805
3543849
5409876
3630765
3462752
5433464
6060193
4879391
5381276
6388905
4568323
5397245
5930438
5299701
6355096
3854792
