# FEMALE/hoodie — discovered 2026-08-05T13:00:38.748900+09:00
# have=7 need=280 oversample=1.45
# count=280
5795865
5328890
5817212
5328644
6028958
5429074
6071257
4001841
6850731
6862905
3033870
6830882
4889690
5997551
6766185
4440027
5964389
5594926
5727335
5327390
4534863
6806560
6421496
5381587
5410578
4670667
3876972
5966038
6862901
5409563
4440029
4460785
6002457
5718663
6594883
5999272
3469861
4651569
5864303
6884862
3146084
3054736
5313209
6798145
5951564
5911861
5633571
5371276
6002455
4474670
5997471
6243597
6324404
5932636
3468979
3469860
4852301
6002433
5301671
6452283
4325177
5313208
6687193
5405768
6651982
6884859
4620126
5875983
6243600
6302324
5355082
6099174
6469323
5800360
6064226
4756983
5932632
6005516
5641033
4934514
6830883
5910477
5966015
5355844
5655472
6362823
5999273
6625462
4922193
5883541
5772962
5968628
5429962
5391360
6798143
5998801
5628311
4289833
5310137
6285813
6118894
6299869
3968306
6574337
5301667
6452306
5401895
3170312
6002432
5608604
5835442
4511814
5308417
2055128
6062460
5628316
3968304
6149915
6062310
5326390
6593075
5395790
5375037
5745467
6003502
6050138
5330815
6311145
6594882
5911454
6302362
5987555
6301894
3538407
5542811
5314527
5638168
4487078
5958016
5932620
5682803
5170544
5167680
5641020
5879021
5326391
3146081
4980325
6118893
6071258
3906373
5886033
2847612
6104792
3033862
5355054
6003505
5904455
5366893
6185733
3833856
3514012
5281185
5926559
6268363
4462819
6488877
5638176
5541895
6495836
5939055
4796487
2977501
1742320
4493401
4265248
5320063
4476563
2160407
5570592
2105452
6244023
4289849
5558892
6411417
6257477
3807402
5600947
4479756
5981307
5392216
6129530
5964437
2749765
5167677
6131301
6160928
5930693
2858494
5401954
5864295
3570370
5008040
6126606
5410579
3678378
3048171
2339145
5945098
3799331
3804701
4377847
5062356
2990463
5642716
5550763
5248735
4430130
3191925
6183092
2140055
4947308
3039177
3772852
5973283
6032709
6118896
3481470
4308559
3438940
5607045
5295832
3697613
4473176
5641902
4479506
5886029
5795864
3544148
4520958
6620316
4311321
5651800
4800719
4468844
5656849
4396046
5326388
3989062
5347502
6679424
2827221
5167683
4299939
4813629
3699955
6172479
5402271
6107941
5422209
6081117
5379694
5699867
6495835
6670923
2877493
6257479
5791786
4760320
6148684
4680446
4477798
4525550
2977710
3509002
1584097
5327082
2055143
4381461
5992896
