# FEMALE/skirt_mini — discovered 2026-08-05T09:04:18.836888+09:00
# have=16 need=195 oversample=1.45
# count=195
4671281
4749915
5965469
6497811
6337638
6322137
4760314
6017115
6294671
6333728
6182603
5006357
6475955
4252924
5935832
6000623
3109155
5795874
3040761
3134753
5930716
6254054
6068878
6503232
5094509
6110675
6139364
6428980
3289680
5934781
5795871
6423683
5772750
3774994
5934768
4018732
6203205
6388847
6407873
5930632
3091303
5935836
6182590
4326509
5935833
6764753
6815037
6823100
6821248
6747544
6716193
6747561
6887524
6771439
6133607
6795529
6723912
5142348
6347539
4090132
5905117
6883401
6705539
6789951
3154861
5471516
3920755
4923148
6733005
6841324
5115188
6798658
3078101
5092488
6129917
6566698
2978104
6449631
6534838
6388949
5033894
1952983
4150575
6770928
6908954
2921961
6805283
6503233
3048218
2612005
4089963
6842652
3572646
5983733
4023823
6683163
6889364
6254274
6263088
5487088
5901751
3976975
6328289
4644470
5436095
4387042
6059618
4461062
6051482
6657484
6565018
3774993
6798652
6440458
2602718
5630452
5128508
5485887
6015421
4732613
4644471
4068471
6831941
5003496
3992779
1979473
6388846
6096139
6733004
4170376
6683236
6372825
4661574
6799987
6525982
6702675
4009900
6455651
6619614
6129458
4458222
3827925
6456269
4411578
3068102
6075248
4951998
4860441
6817828
6414345
4787303
5707225
6168821
6207440
5094666
6671359
6645959
6553599
4461090
6832006
6583522
6887272
6685361
4960063
6388844
5768111
6288893
6395182
6455086
5446131
6365738
5092487
4708830
6765853
6615359
3234809
6276222
4665158
6729644
4999589
6534024
4170373
6315367
3889286
5487335
5471445
6594251
6321370
5136856
6328704
6491762
5901756
6494295
6080165
6359492
