# FEMALE/sports_top — discovered 2026-08-05T20:39:32.655471+09:00
# have=87 need=92 oversample=1.45
# count=92
4918363
6171218
6821631
6691544
6812751
6848277
6858950
6799033
6907225
5737934
6895657
2600393
6839235
4909342
6830861
6318403
4893145
6423998
6859471
5263414
2021756
6053577
1981956
6323271
5762296
6893941
6906116
6691545
6796494
5234893
6350068
4952328
6907219
5046603
6551197
6743690
6929210
6832645
6859477
6169719
6087544
5192239
6859474
5471456
4825876
4486853
6306204
6667542
5715323
6799547
5888210
6427563
6476972
5921421
6427556
5192232
6838992
3488904
4073839
6179046
4368302
2361167
4658863
6691552
5234966
6391266
5236364
6319435
5593836
6907226
5165462
6839270
4413128
3965754
5046659
6391660
5152955
6679898
4642993
4995188
6820927
6716139
2663879
1025412
5382555
5873909
5242719
5237564
6716138
3609984
4941854
6375351
