# FEMALE/outer_padding — discovered 2026-08-04T21:36:46.883505+09:00
# have=0 need=218 oversample=1.45
# count=218
5493845
5485925
6039367
5894308
5617743
5729258
3559116
5162181
5560231
5408835
3570135
5162178
5580856
5357282
5782815
5493896
4381998
6754556
5319320
3576774
5377868
4354754
5485877
5511426
5539183
6877792
4513017
6291624
4498320
5582458
5513482
5373184
4370422
5570943
5582452
5587587
5878292
4558306
5483838
4569099
5760385
5587592
5573630
5719087
4498323
4413110
6291637
5526380
5566140
5402276
4569095
6039370
5511440
4652593
4143150
3931119
5613741
5587265
5582446
5539182
5978536
5581382
5654047
2792167
6039369
2653652
5797464
3666374
3604983
5357168
5551236
5357369
5572127
5583694
4536992
4722536
4630594
5320837
5571045
3335009
5566119
3552598
4325468
5588118
4498829
3697776
5419157
4224258
4569088
3640565
3658109
5541966
4527470
5484481
4754516
4677710
5582410
5672997
5620778
5641134
2980520
3687913
6840766
5671196
5590466
5718559
5768273
2863589
4457972
5764890
5634175
4584607
4749293
5606379
4454663
5384265
3574593
5560253
4500704
5274126
5641177
4569154
3640566
3836514
4613242
5554423
5537037
3604215
5546622
3589806
4477722
5751597
5384230
2811536
4525403
5575403
5741488
3726882
5658072
5587589
5708794
4453101
4143146
4613240
5663490
4453105
4143143
4564008
4558304
4481372
5562747
5709260
3697775
5655373
4509176
3623836
4532830
5274128
4518693
5469532
5469462
3717373
3589779
6062947
5568790
3691541
4613227
4453126
5654044
5665015
5663429
5461852
5319292
4611745
5546625
4569097
4484467
5745917
4479938
4478133
4515045
4391912
5583709
5468914
5672903
4481359
5633472
4389451
5559507
5560251
3569716
3574601
4507999
3552597
5560803
4613243
5487148
5832765
4481183
4464388
4470264
2979405
4408783
4384135
4451255
4677731
5668399
3658298
2906839
4590486
4306353
4470740
5566152
3759469
5634860
5434650
4535084
4483703
