# MALE/knit — discovered 2026-08-05T09:03:06.617483+09:00
# have=29 need=538 oversample=1.45
# count=538
6311849
3989452
5107472
5972706
6237058
6037228
4644611
6541550
6324646
6259333
5930626
6461256
6209397
4024369
6326044
6109259
6408813
4682256
3476073
6541552
5109589
4999877
5167543
6084842
4239877
6469846
5058507
6326035
6037036
6530450
6294643
6234272
5453617
4871107
6308471
6152432
6109237
3989444
6204461
6461299
4878062
4186560
2474966
6109248
5109587
4993432
4928479
4046053
4989073
6278964
6109249
3171893
4226075
4024366
6398349
5167537
4060515
6590779
6081754
6271294
6252903
4939638
6530446
3931270
6328746
6462672
6276873
6152283
6081676
5662185
6209527
5030898
6260265
2723767
6406075
5662188
1943088
6452188
2423042
6252890
4143492
5973317
4041003
6263393
6243568
6530448
5998450
6234111
3950085
6326051
6104962
4951443
6408808
4749432
3185099
5023733
6314057
3995555
4218831
6328090
5030890
4907280
6321196
2396645
5328224
3143788
4041014
6259330
6238768
5145596
5036539
6667618
3963300
3995282
4958779
5848798
6411830
6557179
4532217
6667616
4682247
6103310
6530445
4993427
6667615
6203978
5030892
4099796
6852271
5067466
6332548
3931250
4682250
6852258
4821301
5065851
6840606
3996266
4932181
1407418
6399315
6786627
4224588
5998429
2672841
3995577
6259528
5756378
3996227
4240318
4843315
4917844
6573534
5964910
4626587
5168597
6725585
6381454
5156750
2734166
6373294
3130781
4122264
6034970
4917853
4030668
6573795
6388886
2573154
5011722
4996302
5058502
3927142
5975190
4033236
6813916
3247663
6183023
3731486
5065825
6254933
6037142
5053145
3322180
5112843
4842965
4145982
5110312
6381468
6407916
4131493
5085828
6163980
2668609
4024225
5944285
6301099
6126623
5839679
4102227
4932956
3401845
2887414
4016609
3860773
5104815
6625326
3971272
5011745
3573319
2573127
5006928
4149057
6182184
6448097
2700778
3195310
5017199
3452826
3344724
4177696
4947780
6317915
6738140
5058512
6592851
5059137
4006518
5054253
4143486
4917859
6254915
6302810
5179749
4033235
3270284
2030178
5053343
3457284
4885815
5291223
2672903
4681014
6338718
4915113
5961435
4126032
3955392
6381448
6259556
4072434
5975187
4069772
4249174
4705605
5017204
5960010
6138963
3957809
6308495
6557190
4006517
3238536
6040268
6501033
6078805
5178627
5110263
2213153
4224558
6536259
6725592
3319006
6716037
6839179
5197165
6313997
3860775
5178633
4201794
4074987
4932164
6163973
5472572
4924960
5777015
4164677
5065852
5392327
6348041
6516635
5006276
4003650
3273732
5975178
6755141
2672821
4280128
6398965
1780638
6108863
4235798
3933100
5515394
5168244
5065001
4118432
1482292
5362030
5095505
4618820
5048880
2500794
4537050
4445047
3295884
3130787
5067885
4024364
4110965
5134215
5451176
4335609
3243044
5004599
4074985
3149201
6302780
5051002
6097717
5006769
6236621
5955752
5152419
2734153
5384752
5017201
6408886
6317320
6716868
3957574
6459343
6322964
6280822
4078476
2563230
5391209
5612247
3193190
1780641
4917842
6423589
5319989
6448096
6338709
3102398
4074879
5129251
4764327
5049538
3971782
4938904
5101969
6324654
4278855
6643554
6317912
5542515
2556506
5995415
4401486
3240337
5793205
6592772
3933101
5936496
5973421
5466709
6557186
2734211
5102198
3310848
5967793
6270910
4005104
4035459
5062516
3660010
4530448
4169254
6573637
4115491
6634558
5065833
3511903
6040265
4348449
3495531
6725595
4106938
3787163
5103070
6849611
4151440
3255747
2733234
6191652
4842973
5592916
5076240
1942725
5152422
5392325
4822331
2038815
6452640
5512870
6262317
5819232
5794808
6623777
3745728
5320004
6109445
5320024
3534017
3511902
4569207
6432002
6755067
4007711
4164676
2733485
5867979
5391270
5182506
6738138
5365783
5936084
4814468
5320658
3824202
4584154
6097716
6007372
3330576
4760647
4626900
4401485
5506385
5357923
4683555
5793212
3195415
5451126
3558193
4102219
4452472
4948798
3393842
3319008
4139044
2871113
6227482
5243365
3988323
5053128
3452829
5963459
4662151
6478935
5414056
6849921
6716871
4504647
5634198
3212669
6253299
5095503
3996259
5169347
5839841
2539432
1151746
4804647
5823520
5514091
2862924
1098524
2589084
5920851
3932146
3572960
3889642
5933705
6040264
5415396
1246473
5620588
2733238
5998336
5381744
5319983
5329953
4290250
5696479
6808178
6315234
6109291
4599098
4051452
5319982
5392331
5136556
3253702
6398995
3548344
2723764
5058504
5028170
4348446
3224691
6256258
2705059
6097720
5793038
5196577
6592644
6045258
5391686
5407855
4915110
6254912
2837412
6738139
5060235
6809986
4911170
