# MALE/cotton — discovered 2026-08-05T12:59:08.947952+09:00
# have=88 need=308 oversample=1.45
# count=308
4663938
6555227
4663937
6326890
4210137
6114145
6005607
4818151
5269752
6006689
5975963
6388799
3513679
5755334
6679899
6561667
5336163
4109782
3438991
4969760
6392211
5919305
6105921
6561665
6450345
6609139
4210138
6178395
6553913
6530440
6746075
5944476
5242601
6450342
4368600
5874499
2817384
6150959
3411538
4728654
5937733
6005602
6152464
4993373
3404705
6249342
6553908
4210144
4830878
6035284
5429724
6050554
4882391
4091318
3995504
5944550
4166986
5174240
6637699
4166944
3823312
4508626
4979743
6185593
4892128
4798024
6660628
5381241
4774160
6553924
6671655
6148372
5009628
3411541
2534829
3823317
6150961
6679900
6552423
5095277
4368599
6686109
6815224
6816394
4210145
6807930
6167465
6790327
4423134
4099374
6906133
6879959
6152459
2459975
5947042
5964886
5210992
6816220
6281281
6299947
6363840
6348604
6551250
2451357
4062253
3882358
6391270
3597072
5627557
4473244
4109785
4062254
6807927
5382376
5973548
4871185
3902467
6333365
4347580
3185758
5395444
5262335
5947041
6799525
5936851
4112178
5118434
6747876
4283677
3438783
6140483
4915326
6619587
6450760
5215359
6702445
5140013
4882154
4488750
6291151
5382348
4624103
6607746
4109134
4761384
4073507
5072312
5975387
6087252
6799536
4752770
6113206
4989570
5017311
5005335
6877702
5919230
5948338
6879958
4457987
4936092
6650717
4461723
5147015
6435455
5352052
6619586
5811269
3851438
5985818
2591756
5446388
3211509
4166939
5987450
5332990
6107659
4818148
6250633
5066224
6244047
6075559
5030683
5014027
6450756
3438995
6409181
6306423
3914930
6347523
4405906
6126029
4931663
4540015
3946193
4228506
5849018
6388527
6569719
4270510
5097911
6745571
6299943
5005334
6879961
6781452
4806682
6753168
6619588
5872535
4662908
6235066
4166951
6201758
5348321
6526585
6429118
6350532
5407733
2848705
6447519
6411774
3302818
3077785
6042151
4928799
2353273
4062251
6390276
6879964
4738377
5926045
4918818
5970198
5816775
6798805
6619585
5708347
2459969
3869926
4936037
6555233
6188084
3528310
4033172
5018774
3621279
4875281
6188144
3932161
5975389
6505465
3536894
5985825
6113250
6650731
6414354
5251657
5940622
5889059
5261054
4892495
4860471
2370482
3146999
5849021
4458044
6668778
3812584
5449894
4417532
5953442
5948310
6409366
6260336
6885678
4373926
3554661
4852810
6435456
5393279
4454694
4914401
6431923
3856666
6506922
5310745
2926541
6101170
5468637
3770965
3870169
5060674
3945142
4423166
6168120
5215208
4166980
5985821
5283813
5164140
3351014
5364801
6130998
5977230
4914302
5097910
6463401
