# MALE/slacks — discovered 2026-08-05T09:03:20.729856+09:00
# have=48 need=438 oversample=1.45
# count=438
6329586
4147691
3650955
6021344
6213533
5362083
4339038
5310984
6530524
5358778
6693650
1984968
4308257
4119977
5313563
2957580
4278770
6145255
5820531
6285350
2089220
4544482
6398905
5214979
6433565
2609014
5950445
2583826
6530496
3892678
5698886
3154697
3872361
1458942
5755348
6722067
3599543
2060743
5371345
6411912
6693651
3830712
880827
4654551
6021347
5020128
2533181
4594156
6679168
4024189
1312128
1149329
1296309
5310983
5921145
3823307
4060144
3267784
6679162
4352405
1296312
3431789
4663950
1551150
4914300
3254294
6411914
3138552
6325760
5746361
4741265
5755346
1296310
4891500
2456625
4449379
4750067
4624065
2116446
5644747
2301496
4663975
5358777
6431853
3872362
4840562
6408703
6411909
3134701
6408715
5698885
3154647
3153802
6722090
6285341
946853
3947938
4180711
6450281
5018988
3613064
4024190
1312036
2477836
4826025
3134711
4898649
2371966
3556213
6706226
3134699
5291011
6146959
3633299
1868379
6822552
6110661
5408818
5320368
4314707
3186363
5485515
5939020
3903989
4459996
2356166
3382110
5906259
3804086
6822481
4898665
6807547
6102451
2551356
4139008
5897624
3962996
4576872
5485519
6084812
5511838
4922992
4898657
5926986
4704128
6106454
1803234
3840481
6272467
5876883
4154539
4811113
6518336
6518199
6311807
5523612
6301837
4438261
4742885
4760967
4507585
6392428
5219805
3057447
5219848
6476830
4381375
5086311
4774196
3804089
3887835
4853322
5371344
6002161
6109851
4826432
1964572
5312108
4906136
5140881
5328107
6315266
4923702
6174693
5312000
6718351
4507586
4142348
5359916
5897744
6462017
4459995
3823855
5644723
5026598
2365682
3241235
4288420
3508752
6450058
5328105
6748400
4847575
4416841
6320725
6364565
6679348
1296319
5320376
1930811
5290994
4535996
6476835
5581353
5253145
5570850
6178283
5300921
6140489
3411488
5966866
4778481
1841040
3876365
6140507
5523479
5590501
6741983
3796284
4827196
5371418
1073822
4308515
4714866
5026599
6580162
4880368
6609930
4747142
6065490
5565981
3267774
3316984
5965771
1858920
4918060
5295041
4226264
6243880
4160694
4596819
3321357
6798945
2761028
4293708
2848701
4321797
6092525
6311384
2173078
3921441
4955195
5837548
3567858
2556893
5316667
6151280
5638435
5062706
5392359
4070961
5343489
6109933
4099286
5178855
6311650
3921968
4948429
5363037
3111439
6122049
5170357
6476832
6639324
5497778
6307770
2684183
5092091
5474025
2961945
4982832
4316089
4908982
5436370
4160578
1997468
2102846
2391379
4967577
4297486
4898671
6462735
5030503
6325763
1296311
5250762
5214278
4778484
4316090
4423139
5848735
5161356
6776858
5694008
6393761
6311958
4312502
5936952
6842298
2246703
1006590
6085552
5248779
4922732
3234867
6140512
3437472
6798990
4699487
1747665
484461
5357955
4769730
6146955
6301887
6401633
5497914
5343564
2814904
5897620
3594136
4801184
1685783
2657189
6730128
3138370
6285348
4922282
4377633
3411485
6102575
2140234
4381176
5946472
5548857
5086304
4759122
5130318
4099294
967320
4821914
6013565
5161162
1156323
4898652
4892983
6118691
5041774
4431399
3998459
3998452
2931725
4864857
6462020
4478522
3731378
5515617
5701677
4714867
3731380
6476838
1073823
5161163
5970657
3599518
5674412
4864814
4734259
6842262
5451476
6629164
4373382
6200073
4917752
4160500
6062941
3311098
1638580
3950055
5693458
5214927
5393552
5135617
1976646
1767737
5931655
4847087
3267779
4811237
4729216
6543351
4870460
6076722
5383092
5031498
3225890
6059545
6580165
6911406
6518415
1754229
2506226
4073167
4898701
6246257
6092414
4142037
4304474
4003674
4774197
4187154
5275797
6302015
6109907
5026597
3840891
5034207
5140919
