# MALE/denim — discovered 2026-08-05T12:58:59.489568+09:00
# have=84 need=386 oversample=1.45
# count=386
6610227
6814077
6461922
6401907
6814130
5944327
4948101
6897093
5283211
858911
5056928
6227159
2103617
5969353
4302299
6424098
5269875
6050619
6221839
6553859
2503135
4360670
6292718
3797063
5811371
4658037
5333371
4714952
6175490
5944334
4964804
4261377
2443074
6477610
6035811
4795939
5899307
6001928
6255767
4528215
5592630
4157065
4120879
5128859
5381242
6291687
3051688
4664337
4157654
4738434
4782512
6748009
6064520
6637750
6038610
6324723
6424721
3187939
6065545
2028334
4404223
3830004
6266877
3794792
6840017
6451310
5279526
6227172
5911447
5561294
6038923
5006412
5918987
3051697
5331635
5910977
6270565
6723562
4141102
1929722
6363326
6398127
3826875
6028722
5476805
3263933
5302354
6195377
5864299
5977356
6850948
2565818
6014435
5990688
3613296
2985719
6050622
5930331
6467814
6078643
3902775
6553849
6054654
1251768
6515966
4787265
5529533
5866558
5128887
2425479
5494348
5276361
5066604
3801323
6065451
4316658
6015833
3070218
6123486
5329372
6054660
6624253
4969133
5870407
6065544
5164038
6122208
2711142
5964998
4274049
6330623
6178800
5317150
6478048
4674672
6408838
6415043
1164854
4819300
5311382
6241667
3893016
4278901
6553842
4398163
6719357
2479902
6119340
4316587
2725611
6178807
6068925
5806609
6148650
5128813
6515870
5982731
4164429
5269683
5944339
5034365
5316884
5291234
4281748
6398112
6656642
3576613
5681985
5860705
6724300
4757347
4933446
6291706
4614686
4557878
3114428
5931105
3046300
6255765
5302399
5944329
4830398
4642899
6091061
2447802
3263756
4871606
5316885
1885631
6192227
5812207
3919791
6150862
4948118
3051713
3877779
2833222
3843798
5405982
3422573
3793215
5021825
6507751
6072000
5682033
5903176
6119339
4664368
2583579
6133019
6172611
3037658
3663072
6507752
4225256
2192777
4031238
6195367
1844467
2092852
1573215
6656641
4223923
4482130
5320046
5642969
5953302
4819299
5930817
6451490
4270342
2823292
6356868
4251558
6301768
6572802
2671322
4777193
6624263
5461709
4109126
3046316
6483905
6182997
3316986
3844553
4823011
5477152
5350580
3918523
4312704
4896613
4783444
1391412
6124021
3733978
5342922
4897566
5944812
5916590
4969769
4735880
5860707
4676883
4933449
5354388
3963446
5918822
4276260
4658035
5970297
3272078
5059753
6419190
5944321
4469838
3029055
2439102
6211670
6183415
5383873
5937469
5919801
5960038
4745097
5938797
2479983
5871921
5903174
6755740
6425743
5162659
5292843
4141100
4642902
6637728
5920850
2447805
5380287
5919032
5774097
6401982
1224849
4714943
4469836
6266951
4908986
4772152
4710012
5355077
2693305
4896269
3793217
6091059
6386491
3823282
6085443
3066946
2710672
2714302
3859522
1976079
5998288
3918524
5311373
5888637
5937406
3536748
3576618
6144784
4664374
4358873
6811394
6355921
3782367
3575430
2447806
4933448
4225255
4053834
6794277
6535259
3890811
4948092
4436398
3587704
4710010
6811505
1243133
2729837
1584704
4791907
6782127
6764835
5405980
2710669
6840004
3703108
4331095
5980572
3744780
5901972
6794276
4314661
3070648
6148657
4437486
4440812
2647305
4616650
3321752
3333708
6334220
971507
6353591
3596906
5876428
6821961
6781814
5189632
5297106
3021692
5116834
5151854
4935411
3367751
