# FEMALE/outer_coat — discovered 2026-08-04T21:36:37.464138+09:00
# have=0 need=363 oversample=1.45
# count=363
3612113
3683645
3552585
5529352
2944554
4481431
5552983
5684352
4634301
5553173
5828291
5651648
4471989
5655473
5562718
5589459
3697488
5588701
2220662
5758439
5751688
4564469
2740493
4530554
3683604
5651709
4613235
5590914
5653565
5751564
5543465
4588876
3696935
2944558
5552927
4535527
5393189
5751372
5281780
4613210
3603525
5546686
3753420
5529330
4564729
5491468
4500688
5543466
3562654
4535483
4953996
4633079
3552514
4759841
5628858
2234675
5531842
2124215
6000337
5639132
5668850
5588081
436729
5832850
4540242
5817722
5151479
4209426
6012286
5562598
4456843
5668686
4600466
5384940
5306877
5451927
4498515
6063110
4953999
2220069
3613520
5708179
3628636
5615277
4544182
2793912
2234673
4426339
2930133
4562949
4573904
4761807
5553171
5606419
4209442
3598524
4442685
4327315
5586643
5684416
5672629
4483713
6063082
5760541
2962495
3607406
4211910
4300246
5888790
5151478
4530506
5667730
4576265
5585528
1278129
4443663
5708116
5872882
5633429
5651738
5736429
5410399
3646678
5684324
2234670
5512334
5624735
5674478
5505396
5634242
4486027
3598575
5562693
5622047
4682388
4380201
5655474
4209425
3405571
4426329
4586349
5572118
5778263
5680173
4530555
5586943
2816398
4580215
3726766
5451929
5621459
5151442
5505350
3681359
3634536
4648036
6042998
4361286
3609032
3546059
4619700
3405573
4415501
5639228
4483087
6063078
4589311
4613234
3690284
5546673
4560741
4493953
4376775
5538539
5751661
4622511
5613090
5508006
4207899
3656123
3753204
3612122
4520322
5621480
4211919
2997578
5562746
4403631
5737575
4432000
2700047
5875071
2987411
4535528
5562303
5586893
4682387
3610381
5604034
4613209
5752018
5771375
5410415
5701519
5512348
3699273
1688539
5649885
3687190
4633082
6043068
5544746
5615276
5766037
4658255
5559568
4509458
3751221
6063114
5655468
3666430
3612114
3612115
4613722
3406682
5809063
5793650
5841383
3505598
3557600
5587527
5487128
2793911
5854763
4562952
5729636
5908964
5881563
5634173
5508016
5684395
4209443
4539475
5601163
5884067
4651867
1218463
5453204
5658110
2234672
5562597
5596310
6042030
4518707
4458321
5758282
3710663
6007273
5525255
3703819
5741067
4750359
4469013
5538537
5757519
5715183
5562302
5628479
4573899
4209435
3859497
5693996
5594953
4443772
681162
3651753
4213377
5737438
5587337
4504108
4608496
4580804
5559918
5531041
3699274
5439158
5489697
5639948
5895100
2939916
5512374
2839794
5655578
5453208
4415158
5691701
5613093
5884062
4570510
5562396
5765887
5628607
4580213
5827004
5605981
5607066
4443762
4500681
3031826
5633249
5742310
5668692
3485548
4615364
4211915
4490118
5752701
4207898
4491926
3631133
3632547
5841976
5791761
866211
4572646
1660708
5967863
4518765
5487094
4626607
4449876
866509
5525290
5872874
5489695
1685740
4209432
4693846
5659456
5679525
2159734
6043135
4626528
4564891
5587303
5609717
3626481
2193510
5562596
2839793
5606420
4468903
4559488
3612121
4643449
5634240
5774486
4209427
4535526
5668679
4580218
3637607
4500686
