# MALE/jogger — discovered 2026-08-05T12:59:19.953616+09:00
# have=66 need=340 oversample=1.45
# count=340
3231959
4918825
6120717
6878575
4067457
3238724
3439140
4057671
3856811
6686222
3131025
4169060
5802209
3816978
2307747
4000955
6276037
5337634
6610007
3674341
6133271
1958904
3646381
5899292
6328880
2643886
6287108
3503598
5313445
6336775
3404707
4695559
5080113
6062887
6530452
4470348
6546455
5005278
5335440
5871617
5934961
6661535
6233526
6406626
6089895
5330533
6478469
5933193
1736085
5148807
4006652
4989104
5107600
5364222
1794933
6329615
5701682
3037465
5135314
6122264
4128993
4934201
6152373
4147690
5359765
5249256
2757245
4471713
4743495
1344547
6574240
4949174
4148425
2112059
3568898
6046599
4642625
6127802
5558479
5897678
6312187
5982722
4289576
6183572
1735427
6079609
2222275
5045743
4535845
6401285
1985223
4949147
5367961
5911822
3575424
4080544
3877605
6215967
5308542
2744549
2660556
6089919
6706357
6518231
4814711
3048828
1595607
6553728
5368317
6539130
5849189
4147692
3443300
4787238
1370101
6441487
4934629
2513018
6379538
4911885
4341064
5523425
6814327
5858851
5265134
3395344
4080512
5180708
5372428
3772706
4806398
6177005
4655083
5271982
4488094
5728210
2307746
5234650
6364422
3384853
5238977
5199043
6211803
6006989
4806014
6381083
3235246
6312088
6305579
3223808
6202204
3899398
4175295
4806459
3983091
3852647
5920440
4378918
5519799
4683183
3439044
4661560
4795082
3840902
5716307
5134962
6919697
5767044
6076905
3627754
6110844
2713134
5915428
5995449
4642630
3528681
5306789
6814361
3772687
5933237
3837941
3815904
5771663
6686223
5982721
3404709
3975921
4076299
6441507
3204878
5733771
5983425
6313139
6263511
5825929
3075724
4556449
5734766
5663301
5479300
6233559
3905378
3262224
6032239
4934180
5985940
5934963
5390641
4653563
5871579
5850190
4185571
5310561
4939569
4436358
5299794
5864294
3223947
3528678
5901746
4766536
5934879
5115006
6138138
5601783
5320559
6032547
4169522
5734771
5550821
3758354
6301740
5919632
3674342
5338392
6819197
6030646
4766526
6605953
5897276
6079366
6209026
3155223
4797155
5309472
6110845
5045741
5010753
6592162
6563362
3815895
4920372
6330760
4808290
5516643
5548539
6052428
4806393
6439895
4254323
5308541
6694863
6426192
5584182
3840905
5430930
5871577
4283718
6006712
5309072
5736960
3908604
5589715
6255763
5838000
3117101
5899711
3349771
5612905
5239955
3627756
6032562
6076913
4718465
4842737
5329565
5952211
3913986
5837997
2502974
6594407
4210177
4901318
6289241
5716292
3048830
5894434
5675455
5982724
2789091
4672960
5734770
6350685
5113722
4963254
6079818
4921076
4496173
1329423
4113164
2492155
4920373
5329566
6443981
3378536
4949205
2712580
6117729
3815900
6199280
6009133
2402846
4860655
6121800
4642623
3528683
6632515
3627760
4798367
4181147
5935011
2340478
4351780
6192231
6155557
5095287
2458227
6269558
6822134
4655082
