# MALE/outer_cardigan — discovered 2026-08-04T21:35:56.225054+09:00
# have=9 need=205 oversample=1.45
# count=205
5049497
3650860
6000424
6234409
5023424
5848767
5662197
6326053
4938716
4644590
6606479
4989863
4644588
6606480
6164001
6786626
6907212
2791830
4336624
4971131
6258939
2434568
6653983
5353687
6348939
6075577
3773738
5308574
6411173
4748645
5885904
6348941
5997693
6103294
3962966
4702388
3203125
6294577
5479464
6752584
5096098
3773719
6058011
6707899
5056315
4933078
5359852
4336623
4416710
6103295
4285568
4795777
6398682
5898354
4278920
5879545
4315499
4304660
4877727
5020195
3842897
6259275
6276812
5952401
4784469
5289763
2806015
5023425
5195647
5310824
4273490
6293935
5993203
5437995
5303897
6462624
6526933
4414472
5591585
2848667
5955559
5859000
5921220
6258944
4227235
4278894
5592964
1642185
5354666
6062892
5023422
4786839
4273492
4729539
5301310
5342118
6029984
4126029
6396681
6378439
5586772
5178641
5096090
5356182
5801231
4971298
5110824
5195692
4824641
3025211
4723523
3515422
4723524
6178505
4390782
2691620
5633106
3794290
5601519
6084625
6565650
5034176
4328729
5547126
2321779
2434469
3441716
3834327
5192296
4959964
5948747
4760979
6293587
6258940
4897716
4774122
5586777
6044969
5401271
6228773
3639312
3872308
5324313
5740733
6348942
4462411
5698522
6146792
5357924
4579198
3280467
3933076
4579195
5485204
4522438
5935795
5285448
5020199
5993210
5546754
4824532
4499812
6000427
3542908
5177679
6401811
6411201
4406177
4488749
4892403
6444842
3103657
5201226
5364753
6044970
4897725
4301811
6332697
5362016
5583408
6348943
3863338
1644193
6029988
5526280
5345821
5401373
4703805
4533140
5506993
5876523
4012433
4328878
4315498
4406175
4123690
4522439
6292866
5946311
4328879
5485218
5304919
4752565
2858879
5931661
