# MALE/sleeveless — discovered 2026-08-05T12:58:45.318518+09:00
# have=28 need=105 oversample=1.45
# count=105
6553993
6799548
6633887
5404240
6103292
552760
6245405
6349006
6285897
4980517
6347903
2225649
1855218
6659378
6182409
6498130
6049713
6450448
5944346
6270534
2976551
3112617
6299983
4247493
6554437
6254191
6192538
3764317
1466673
5139570
4765007
6163887
6391385
6270537
5073861
6135911
6617899
5384578
5066828
6545496
3855092
3838687
5204576
6450765
6251563
3762355
4247740
5079642
6252420
5147115
5760836
4929080
3762323
4006722
6618390
5152962
5178318
5084567
3855094
6049708
6155421
2643718
6192745
4655184
3794829
6633960
6081363
4216823
6318396
5175215
6609953
5159260
6049266
5119840
6155419
6154655
5046741
5877402
5761977
4074761
6074199
6089063
6309616
5900254
5086508
4949295
2968980
5440834
5059798
6646165
1852718
6089019
6254018
3996963
5292192
4980516
6154665
5204591
3400406
4842040
4993670
5236340
3974083
4734461
4765008
