# MALE/shorts — discovered 2026-08-05T20:39:01.247337+09:00
# have=106 need=137 oversample=1.45
# count=137
4716777
5142775
6000119
3340801
5244946
2507676
2507651
4398245
4683512
2383509
2380274
2507627
4910616
6018323
5375629
6015812
5656116
6292530
5488271
4586560
6595783
2434680
4273897
4273891
6122263
5948699
4340089
5041862
3906269
6238350
5502967
6297242
2380270
6671271
5852080
3887497
3127245
4842932
4450823
5651008
5495508
6078111
3887502
5683564
6671278
2710137
1772548
5946211
5500665
4419311
3787992
6715064
4534577
4309385
5403060
6703949
2382268
3885564
5995219
4469626
2383511
5038099
6703830
5461983
5308649
6671312
4534587
4255829
4419309
4287550
4072580
5932215
5925184
6375803
2118094
4759776
3094256
2507657
3409997
4750898
4056656
3648052
2679525
5470907
4756712
1955309
4268311
3252493
3252307
5650641
4133618
5244960
4255816
3469026
6000121
5213989
2118095
4478445
4437549
5854453
4255832
4032677
1635816
1261700
1261699
3324624
5038097
5979889
5470896
5160227
3572601
6196121
6590372
1503733
1635818
4683407
6292566
5848059
3127246
5270204
4137500
5100345
4756724
5952178
4437547
1635817
6932776
1609450
6641938
5154462
5992553
4268312
6057378
5836454
4488362
5992554
6832869
