# ALL — discovered 2026-08-05T09:04:42.372844+09:00
# combined new ids; unique=3817 plan=batches\tpo_session2_formal_plan.json
# count=3817
4038955
6841696
5085956
3926599
6481945
6259703
1310549
5418090
4045183
4898898
6270540
6103360
4143736
6381410
4999831
6399085
4899062
4672721
6236883
6459293
2496697
6324716
6462061
6403017
5110025
6637668
5940691
5054271
6254131
6158959
3290710
3758321
5042006
6585890
4061679
6401724
6386144
6678957
4313380
6807816
6038635
5097939
6204144
4118673
4425073
4797203
5951519
6435482
5161031
5970083
6562381
6482045
2454241
3281664
5985877
6278960
4898938
6103334
6606574
6237008
6398812
6351433
2030142
6463419
5979845
6400611
6652898
6585953
3758313
4695984
4711502
6676150
6270505
4220385
6291892
5023840
5186537
5914130
6323371
3904779
4705635
6162243
6401726
6262846
6558697
6459718
6313729
6187691
3430728
1474596
4827301
5090683
6386043
6375101
6468783
6140629
5966123
6287132
4899074
5023735
3793612
6402961
4788205
6703386
4910733
6108854
5071838
3268090
5013322
6291885
2542273
3950679
6156272
6634311
6286372
6110854
4118745
6693891
6585886
3800491
4357228
2406919
6435483
3856743
5733975
6187550
1045017
1033853
5054272
6451452
3758341
5065574
994588
4968582
6270421
6254140
6326872
5011458
3758203
4798760
6046317
6558711
5030409
6585959
5983379
4987284
6107839
6086085
4982021
6091036
6406754
6187639
4572597
6317934
6286371
6262656
6315189
6406692
4041509
5169131
5627632
6428581
6385585
5940738
6158170
6221339
6401723
5004467
6580331
6212885
6481982
4165610
6277980
6291836
4948182
5163312
6120228
6317504
3269888
4934244
6646268
5253326
3321836
3889891
6038634
4960613
1965345
6270603
4969880
5996800
3562068
6378718
6237040
4889237
6385584
2312248
6094367
6401661
4227399
5896791
3994495
6324704
3958932
4072506
6326879
6221328
4894377
6415454
4898958
6221825
6656611
6386148
6136256
4969869
5186518
6367413
6451238
6652871
3054408
4143711
4982924
5100406
5689284
4227448
6339810
6352233
5118215
6398739
6401656
5275916
4434991
6000433
3962553
2454238
5306431
4968925
6041644
2312232
4045192
3758227
6518969
5058587
4454703
6221618
6158174
6208841
6362529
4911299
6810477
6308657
4041510
6324710
5082332
4160170
5983378
6086807
4898927
2578510
4103033
6337110
3958908
2093491
4111384
2019619
6062895
4757740
6175860
6365744
6317950
2364807
6495851
6518958
2578564
6323388
6262054
4135366
4642893
5008323
4073216
6038636
6330737
5913494
4728960
1962905
4134603
3312549
3791891
2312250
4672723
6254113
5251282
3110272
6307747
6382619
4041686
4137617
6399901
6154673
6187592
6435491
6086964
5179769
6652860
5003905
5047524
6391150
6401660
4989739
2489035
6637684
3153126
6481983
5485368
4630924
5985880
6378681
6262041
6385536
6338681
6322878
4989734
3153181
6421557
4077724
6624713
4695977
5120935
3201672
4036295
6501273
4596161
4748506
4000066
5038562
4172293
3757135
6262860
5140836
6518982
6407715
6136075
6401663
4109118
6156276
6625569
6154425
5913401
6324256
6174281
5076469
6308627
6415231
4306299
4675970
854337
4848059
6291829
4111378
4145298
6213239
4695953
4227389
6408761
6022046
6437037
2005113
6257536
5002356
6755711
5092131
6402162
5176038
4969889
6574305
4988353
6386044
6080555
6656609
6103351
6398784
3880012
5037933
3859226
5026626
5161704
3320325
6108172
6399926
4705470
4073977
5084325
4910318
3293698
2312249
6290687
4756380
5922022
6000434
4099790
6244472
5990312
2445804
6574159
6678954
6317933
5289769
6313806
6296427
5038568
1706633
4833555
6526958
4226976
6359278
5069455
6230383
6324691
6626576
4434539
5004964
6459720
5287554
6257542
4695972
6057013
6625560
6120586
5120891
6113491
6317481
4111388
6340119
5089932
6005931
6255768
4045330
3757139
4786236
5435288
3758305
5890409
4761133
5110954
4988399
4833558
4777529
6103354
4758133
6109150
6311849
3989452
5107472
5972706
6237058
6037228
4644611
6541550
6324646
6259333
5930626
6461256
6209397
4024369
6326044
6109259
6408813
4682256
3476073
6541552
5109589
4999877
5167543
6084842
4239877
6469846
5058507
6326035
6037036
6530450
6294643
6234272
5453617
4871107
6308471
6152432
6109237
3989444
6204461
6461299
4878062
4186560
2474966
6109248
5109587
4993432
4928479
4046053
4989073
6278964
6109249
3171893
4226075
4024366
6398349
5167537
4060515
6590779
6081754
6271294
6252903
4939638
6530446
3931270
6328746
6462672
6276873
6152283
6081676
5662185
6209527
5030898
6260265
2723767
6406075
5662188
1943088
6452188
2423042
6252890
4143492
5973317
4041003
6263393
6243568
6530448
5998450
6234111
3950085
6326051
6104962
4951443
6408808
4749432
3185099
5023733
6314057
3995555
4218831
6328090
5030890
4907280
6321196
2396645
5328224
3143788
4041014
6259330
6238768
5145596
5036539
6667618
3963300
3995282
4958779
5848798
6411830
6557179
4532217
6667616
4682247
6103310
6530445
4993427
6667615
6203978
5030892
4099796
6852271
5067466
6332548
3931250
4682250
6852258
4821301
5065851
6840606
3996266
4932181
1407418
6399315
6786627
4224588
5998429
2672841
3995577
6259528
5756378
3996227
4240318
4843315
4917844
6573534
5964910
4626587
5168597
6725585
6381454
5156750
2734166
6373294
3130781
4122264
6034970
4917853
4030668
6573795
6388886
2573154
5011722
4996302
5058502
3927142
5975190
4033236
6813916
3247663
6183023
3731486
5065825
6254933
6037142
5053145
3322180
5112843
4842965
4145982
5110312
6381468
6407916
4131493
5085828
6163980
2668609
4024225
5944285
6301099
6126623
5839679
4102227
4932956
3401845
2887414
4016609
3860773
5104815
6625326
3971272
5011745
3573319
2573127
5006928
4149057
6182184
6448097
2700778
3195310
5017199
3452826
3344724
4177696
4947780
6317915
6738140
5058512
6592851
5059137
4006518
5054253
4143486
4917859
6254915
6302810
5179749
4033235
3270284
2030178
5053343
3457284
4885815
5291223
2672903
4681014
6338718
4915113
5961435
4126032
3955392
6381448
6259556
4072434
5975187
4069772
4249174
4705605
5017204
5960010
6138963
3957809
6308495
6557190
4006517
3238536
6040268
6501033
6078805
5178627
5110263
2213153
4224558
6536259
6725592
3319006
6716037
6839179
5197165
6313997
3860775
5178633
4201794
4074987
4932164
6163973
5472572
4924960
5777015
4164677
5065852
5392327
6348041
6516635
5006276
4003650
3273732
5975178
6755141
2672821
4280128
6398965
1780638
6108863
4235798
3933100
5515394
5168244
5065001
4118432
1482292
5362030
5095505
4618820
5048880
2500794
4537050
4445047
3295884
3130787
5067885
4024364
4110965
5134215
5451176
4335609
3243044
5004599
4074985
3149201
6302780
5051002
6097717
5006769
6236621
5955752
5152419
2734153
5384752
5017201
6408886
6317320
6716868
3957574
6459343
6322964
6280822
4078476
2563230
5391209
5612247
3193190
1780641
4917842
6423589
5319989
6448096
6338709
3102398
4074879
5129251
4764327
5049538
3971782
4938904
5101969
6324654
4278855
6643554
6317912
5542515
2556506
5995415
4401486
3240337
5793205
6592772
3933101
5936496
5973421
5466709
6557186
2734211
5102198
3310848
5967793
6270910
4005104
4035459
5062516
3660010
4530448
4169254
6573637
4115491
6634558
5065833
3511903
6040265
4348449
3495531
6725595
4106938
3787163
5103070
6849611
4151440
3255747
2733234
6191652
4842973
5592916
5076240
1942725
5152422
5392325
4822331
2038815
6452640
5512870
6262317
5819232
5794808
6623777
3745728
5320004
6109445
5320024
3534017
3511902
4569207
6432002
6755067
4007711
4164676
2733485
5867979
5391270
5182506
6738138
5365783
5936084
4814468
5320658
3824202
4584154
6097716
6007372
3330576
4760647
4626900
4401485
5506385
5357923
4683555
5793212
3195415
5451126
3558193
4102219
4452472
4948798
3393842
3319008
4139044
2871113
6227482
5243365
3988323
5053128
3452829
5963459
4662151
6478935
5414056
6849921
6716871
4504647
5634198
3212669
6253299
5095503
3996259
5169347
5839841
2539432
1151746
4804647
5823520
5514091
2862924
1098524
2589084
5920851
3932146
3572960
3889642
5933705
6040264
5415396
1246473
5620588
2733238
5998336
5381744
5319983
5329953
4290250
5696479
6808178
6315234
6109291
4599098
4051452
5319982
5392331
5136556
3253702
6398995
3548344
2723764
5058504
5028170
4348446
3224691
6256258
2705059
6097720
5793038
5196577
6592644
6045258
5391686
5407855
4915110
6254912
2837412
6738139
5060235
6809986
4911170
6329586
4147691
3650955
6021344
6213533
5362083
4339038
5310984
6530524
5358778
6693650
1984968
4308257
4119977
5313563
2957580
4278770
6145255
5820531
6285350
2089220
4544482
6398905
5214979
6433565
2609014
5950445
2583826
6530496
3892678
5698886
3154697
3872361
1458942
5755348
6722067
3599543
2060743
5371345
6411912
6693651
3830712
880827
4654551
6021347
5020128
2533181
4594156
6679168
4024189
1312128
1149329
1296309
5310983
5921145
3823307
4060144
3267784
6679162
4352405
1296312
3431789
4663950
1551150
4914300
3254294
6411914
3138552
6325760
5746361
4741265
5755346
1296310
4891500
2456625
4449379
4750067
4624065
2116446
5644747
2301496
4663975
5358777
6431853
3872362
4840562
6408703
6411909
3134701
6408715
5698885
3154647
3153802
6722090
6285341
946853
3947938
4180711
6450281
5018988
3613064
4024190
1312036
2477836
4826025
3134711
4898649
2371966
3556213
6706226
3134699
5291011
6146959
3633299
1868379
6822552
6110661
5408818
5320368
4314707
3186363
5485515
5939020
3903989
4459996
2356166
3382110
5906259
3804086
6822481
4898665
6807547
6102451
2551356
4139008
5897624
3962996
4576872
5485519
6084812
5511838
4922992
4898657
5926986
4704128
6106454
1803234
3840481
6272467
5876883
4154539
4811113
6518336
6518199
6311807
5523612
6301837
4438261
4742885
4760967
4507585
6392428
5219805
3057447
5219848
6476830
4381375
5086311
4774196
3804089
3887835
4853322
5371344
6002161
6109851
4826432
1964572
5312108
4906136
5140881
5328107
6315266
4923702
6174693
5312000
6718351
4507586
4142348
5359916
5897744
6462017
4459995
3823855
5644723
5026598
2365682
3241235
4288420
3508752
6450058
5328105
6748400
4847575
4416841
6320725
6364565
6679348
1296319
5320376
1930811
5290994
4535996
6476835
5581353
5253145
5570850
6178283
5300921
6140489
3411488
5966866
4778481
1841040
3876365
6140507
5523479
5590501
6741983
3796284
4827196
5371418
1073822
4308515
4714866
5026599
6580162
4880368
6609930
4747142
6065490
5565981
3267774
3316984
5965771
1858920
4918060
5295041
4226264
6243880
4160694
4596819
3321357
6798945
2761028
4293708
2848701
4321797
6092525
6311384
2173078
3921441
4955195
5837548
3567858
2556893
5316667
6151280
5638435
5062706
5392359
4070961
5343489
6109933
4099286
5178855
6311650
3921968
4948429
5363037
3111439
6122049
5170357
6476832
6639324
5497778
6307770
2684183
5092091
5474025
2961945
4982832
4316089
4908982
5436370
4160578
1997468
2102846
2391379
4967577
4297486
4898671
6462735
5030503
6325763
1296311
5250762
5214278
4778484
4316090
4423139
5848735
5161356
6776858
5694008
6393761
6311958
4312502
5936952
6842298
2246703
1006590
6085552
5248779
4922732
3234867
6140512
3437472
6798990
4699487
1747665
484461
5357955
4769730
6146955
6301887
6401633
5497914
5343564
2814904
5897620
3594136
4801184
1685783
2657189
6730128
3138370
6285348
4922282
4377633
3411485
6102575
2140234
4381176
5946472
5548857
5086304
4759122
5130318
4099294
967320
4821914
6013565
5161162
1156323
4898652
4892983
6118691
5041774
4431399
3998459
3998452
2931725
4864857
6462020
4478522
3731378
5515617
5701677
4714867
3731380
6476838
1073823
5161163
5970657
3599518
5674412
4864814
4734259
6842262
5451476
6629164
4373382
6200073
4917752
4160500
6062941
3311098
1638580
3950055
5693458
5214927
5393552
5135617
1976646
1767737
5931655
4847087
3267779
4811237
4729216
6543351
4870460
6076722
5383092
5031498
3225890
6059545
6580165
6911406
6518415
1754229
2506226
4073167
4898701
6246257
6092414
4142037
4304474
4003674
4774197
4187154
5275797
6302015
6109907
5026597
3840891
5034207
5140919
6843867
6099999
6830301
6482889
6109870
4672691
6534648
6671310
5661634
5037766
3250324
6414326
6161432
4761059
6110012
5051948
6300517
6526213
6270668
4074148
4109209
6304638
6416524
6176036
6610242
6753056
6805009
5031442
6299397
4898154
6273650
5928489
5162361
6362958
5037764
6322021
4904351
5244137
6604361
6561668
4696029
5982835
5414478
6252147
6161226
5996650
6226828
6508579
5010921
6234015
6455189
6610022
4942038
6405693
5138274
6386125
6737849
6633749
4836983
6459101
6610338
6444072
4237722
5661656
5186515
6273949
5059598
6413829
6276029
6313731
6652172
5035168
6526566
6471360
6443579
6416391
3056563
4898141
6382131
5041201
6300435
6645506
6572925
6450143
6586768
6478971
6547749
5007198
5106795
5033561
6270737
6366104
6702636
3289123
6331574
6355355
6534102
5981129
4050211
6403702
6402521
6403253
6452775
5186512
6056281
4622206
4964147
4063129
6809864
5982930
5139363
6276088
6652176
6401598
6400220
6565490
6481143
5114044
5878830
6724966
6067414
5192797
6481467
5131398
3132867
6621963
6509263
6016977
4112293
6697352
6610304
6345367
6491039
6830244
6471359
6193107
4380234
6403706
6263357
6112492
6458181
3264050
6322013
5139619
3132866
6259044
4986126
6302029
6455188
6431090
6502499
4040873
6477024
4037485
4138422
5435233
6407666
6218324
6423745
6731255
6359182
6631343
5118752
5156740
6336152
6506674
5978140
6386864
6221780
4182859
3758475
6149103
6809826
3902217
3989794
5139415
5657924
6291613
6367499
6237555
5137375
5026701
6388719
3863300
6237527
6341448
6026666
6110005
3902739
6699536
6586742
6471366
6491045
6430809
4045323
6391432
3773940
5661636
3097185
4226829
3992317
6070376
6581372
4077847
5977764
6278378
6263300
6659742
6583193
6403704
6173805
5129632
5661650
6319604
6026660
6455913
6067415
4236534
6068795
6458211
4763982
5229333
6348524
5354751
6199070
6771528
6590028
6586755
6100000
6527303
6407673
4121422
6345408
6452375
6591028
4221666
6366250
4982300
6506676
4773411
6105003
6671336
6435718
6336150
6475621
4984269
6351799
5156585
4719606
6347408
4135117
5162354
6384735
6302200
5981100
6221202
5657931
6427602
6200801
3132864
6237363
5892282
5929175
6525869
6418957
5470316
6768220
6526215
6373911
6372860
4040853
6633754
4404721
6809794
6722033
6296274
4927373
5177174
6372828
6624961
5869521
6079721
5901406
6503235
6768213
6427606
6658500
6158172
4973525
5007309
6392832
5982871
5661660
6101610
6523446
5927402
6525871
5145984
6385511
6510154
6613537
6365291
4942039
6079671
6442468
6809891
6517489
6555338
3154978
6244825
6524536
5074101
5892424
6067418
4996978
3218049
5007041
5975600
5657929
3989792
6772032
4908168
6114306
3758454
6322099
6398132
6455187
6130180
3155032
4140188
6662333
6809912
4095730
6452729
5246895
6443830
6271598
4927057
4806168
5139361
6203903
4899339
6662337
6455029
6809837
6393804
6149102
6273652
4037487
6291900
5661655
6161223
6067422
6809800
6271298
5134199
6339802
6372472
5977779
6234263
6619635
5354755
4947945
5977778
6581369
5106794
6263396
5041219
6444589
5007193
6585957
2390902
6319603
6640954
6843857
6105005
6755346
5058974
5657927
4973524
6283034
5117273
6517484
3271281
5657923
4167244
6326570
5007327
6430810
5405939
5661638
5192807
5061051
5980637
4753468
6543945
6728387
6003494
2608645
6275887
6184283
5657925
6809833
6226150
4137568
5010926
5367157
4073974
6277519
6331851
3758453
6014465
6257538
6349300
6221417
1951473
6398090
6736413
6386942
6491042
5055131
4761011
6640886
4137534
4929281
4368243
4764012
6679301
6458185
5657926
6842372
4137626
4794866
6322102
5841015
6763914
5996648
5038647
6304029
6262654
6200090
4242344
6109207
3800488
6805288
6809791
6322025
4093520
6345406
6807638
6221585
6805161
6856000
3153153
6777512
4095598
4974186
6189693
3901937
6815978
5968782
6510157
6770788
4622207
6254021
6400464
6407765
4977146
5058792
5110267
6134335
3101626
5234460
6254017
3325429
6650423
5964209
5834396
6432465
6426018
4860154
5058144
4443475
6317518
6405601
6674569
3324515
6098013
2391985
5661413
6345635
6510135
4776783
6372388
5661404
5247668
6419171
6790547
6405598
6593780
5661406
6432468
5466466
6843966
6534091
3101644
6256253
6299625
6254012
5661415
6405604
6637433
6427652
4853003
6048607
6247127
5671249
6345632
6443080
6431238
5060326
5695786
6260454
4029932
5049514
6446562
5695785
6410796
5101759
6604955
6304781
6300778
4401858
4860489
5140109
6364451
6658463
6365740
6702799
5134287
6364396
5661397
5952029
6702802
6344918
5695789
4020993
6208549
6316101
6317521
6071291
6488580
6627309
5695787
6299634
6225063
6432463
6801328
5661403
6257682
6323414
4341115
4644830
6341396
6828170
4136895
6806332
6764656
5036600
4096817
5032503
4996379
6875642
6878121
5661402
6318245
6878140
4854795
4498147
4996378
4786756
5128576
4096819
6457277
4672199
6457069
6764614
3225784
4090044
6819433
6508105
4090035
6446807
3523747
4341113
6317911
6430799
6798673
4237734
3994699
6792634
6688856
3734638
5282740
6363356
6317913
6625636
5168901
6446846
6000677
3933104
5049513
6888826
6878045
4519556
6306577
4739492
6887383
6430800
4098687
6796154
4045065
3739461
3989331
5667589
5049512
4021010
6547969
6805568
6313838
3235995
5282855
4024777
6566761
2779179
6336167
6328258
3989313
6761295
4534437
6432293
4993349
6348398
6321544
6202558
3074492
6508142
4276269
5076204
4090048
6306606
4175762
3734639
5182877
6243207
6385447
4090025
4439880
6593774
4899447
6452396
6094073
6435039
5083352
5137279
4272279
4990136
6075285
3073189
3822405
5921482
3948574
6495843
6736462
5058790
6536042
6317570
6582835
4119970
3389828
6508113
6209166
3633363
4272282
6803293
3904254
6087319
3385774
6878133
4121644
6583395
6388356
4788786
6442554
6276821
6542869
6228712
2733940
6157162
6243209
4760313
4085137
6446850
5128449
6554872
6415339
4118599
4616660
6230942
6644769
6428617
5898106
3939120
6296013
4378182
4037211
5964053
6770836
6003530
5729270
6928027
5021349
6529137
3779678
5944051
6425986
4941134
6365563
6819193
5977618
6831721
2625090
4234701
6838018
4673221
6542873
6582885
4788772
6070666
6450662
3311767
6806537
5992505
6087320
4914337
6162943
2875301
4064640
3950709
5748204
4852188
6099909
6309554
5206371
6583188
6736690
6805762
5874030
6440673
6805564
6635602
6319998
5837880
4641862
5336590
4958883
6621654
4267570
6462666
4468870
3973885
5283539
5224940
6271354
6231795
5176369
4450765
4673218
5648989
3019828
5023584
6370041
6608053
6174482
5944076
5067250
6878132
6044724
4677722
6801322
6035704
6247132
4634776
6310616
4731860
6161213
5969890
6875638
4748996
6797239
5433425
6265309
4932194
5469805
4192350
3548478
5907812
4541445
6226724
6406716
5180481
6031672
3940572
6790345
4531158
4024774
5886969
4405739
4193567
6839206
3736054
4896212
4748995
3421619
5684762
5369314
4096816
6495844
6523447
3983125
3516569
3989329
3385736
5762396
4862071
4401273
5038735
6419149
5568498
6240371
5841213
6174337
6593775
6155768
4881269
5021350
6341397
5524560
6373381
5437271
3658874
4459570
6370050
4484515
6435383
3955325
6129447
4288320
5600021
4780455
6832000
6815510
4896138
6095567
5977616
5128445
6050256
2690373
6275847
5139949
3101645
6471353
6066180
3389847
4149829
5319124
4532347
4319502
6068196
4221524
4963623
6797996
6786854
5378967
6785630
4775549
2904383
3828791
6052210
4090047
6306621
6356940
3647685
4119663
5137489
6388266
6047750
5444560
4990113
6168208
5099307
4313882
2943140
6566763
6094082
3828228
6208538
6621937
5290884
5066790
4942050
4419851
5285050
6445282
3994700
5561465
6220392
4165249
5957558
6635611
6287205
6670941
6706391
6161212
6230939
4164930
4551349
4409916
6369776
4457710
3881601
6535683
3453950
4640742
5462350
5157289
6347411
4923530
5047485
5591685
3548477
4760782
3959508
5876765
6134332
6271352
4440078
4398323
6068194
4896216
4760028
5108995
4264691
6003526
4272277
5468633
6415832
4378175
6454981
6785490
3469486
4559141
6423186
6064184
3947453
4351407
6255514
6290268
5336588
2774862
5801744
5722293
4096810
4540717
4568318
5322697
6789111
5402053
4503917
5414613
4567882
3155778
5505726
4896166
4002390
4450754
5053141
5434646
2839173
5327228
6113744
3939371
5071216
4060148
2866653
4704501
6094087
4351414
6887381
5099379
4644462
6226163
6166049
4655655
3134729
6544339
2792571
6550870
3823270
2533539
5820422
5983623
5858718
5106391
4644447
5820424
4644459
5858720
4073171
5795869
6552556
2257610
5858719
6112194
5073437
6029417
3134755
6442434
4644455
4644460
5820421
3639546
4651426
5982840
4425685
5216335
4672906
6796383
3084033
3133901
6794333
6101545
6581212
4872364
6273990
6815975
5305082
5967753
5021523
3169313
5071200
6276595
3574426
3870676
6525766
5059159
4742774
5952032
5904076
4322114
2415072
6160617
5085186
2957572
4757015
6309772
3633345
6321023
3915516
3305360
2765086
5711560
4889977
6565362
5967754
5038552
3356699
6605303
5972087
5090750
5976722
6273989
4863553
5625776
4303024
4076982
5066677
4896381
5904061
5007804
6022198
5946686
4828101
6091239
5047836
3696257
5131442
4889966
5405843
4708622
5080646
6469884
6129354
5227731
4614450
2760936
6296233
5178507
6372189
3247082
6273988
2774855
6363373
6173660
5007820
5472126
3907544
5349044
5887479
5608947
5160335
4981836
4816036
2460479
6001027
3488342
5223351
3254214
2911958
6367267
2732585
6537250
4967979
6208498
4757013
3854494
1633970
5678895
6362732
4896195
4432203
6815982
2144951
6817923
5472080
4752138
5073418
6049257
3934726
6000160
6679614
5997627
3484218
5745831
3522992
6128585
6322393
4064730
1215165
3347299
3508828
5458593
3547939
5297438
5911224
5290874
3963104
5106095
5364501
5391546
5700422
3915504
5225389
5223217
4547360
5735900
4891356
6173540
5349045
5128573
4755883
5469192
4400571
3870719
5066679
4981834
5946395
6137780
6349702
4664709
5268774
6009043
6608353
6026286
6804946
2306947
5356706
5975336
6457713
4286343
4269995
5558629
1830532
2710857
2911962
4327569
6426187
5175839
3799844
5401945
6645530
1687347
4146820
6068063
1932195
5706413
6501572
5949910
5735904
4989409
1713766
3137691
4375489
5013334
2335659
5048834
3137382
6432981
6174667
4387586
4836143
411711
5108353
5935044
5086847
5939115
3570570
5450195
6604679
5472102
4765450
4734025
3753107
4737399
5911217
2939806
2087535
3356704
2870539
4837546
6341861
6290373
5626809
4742732
6000156
4628266
4648707
5302721
3989278
3062835
3989267
5603001
6543230
6779806
5460770
4697709
4764261
6006664
3088521
3670708
6056181
6787337
5333876
4238718
4417189
5841208
5983662
6100496
4342411
4788857
4608531
3867760
6393650
4888066
3581319
5382557
6173663
4866448
2795650
4973040
5735909
4477706
5273226
6154555
4896202
6779379
3731381
3731351
5685413
5312841
4085338
6094681
5196358
1594279
5033899
2207978
5268765
5678854
5706412
2721561
4747762
5090714
3838479
5859105
6041244
3109810
4432152
3570552
2806536
3650280
5066675
3955232
6563766
5205114
3078124
5679209
1634765
4785130
4385614
1594293
3753528
3553641
3759464
4745252
2590844
4759872
2257611
5822252
5107915
5275070
4494994
4388338
6016102
4605165
6049166
5046003
6543227
4313773
4560915
6000158
3891738
5471267
5919787
5188861
1932985
5740638
4920264
2930156
4611752
2398708
4029050
3197199
2792356
5073457
2360525
4899076
5484254
4766290
6373937
4357663
3522996
6731078
411716
2431025
6324430
5735907
2335678
4701416
3494298
5086655
3731377
5394592
4511858
5911220
5178506
5106097
6313590
3171234
6820241
3731397
5361225
2870535
4963823
5118717
4289944
4138266
6614131
5911289
3193543
4422613
2375356
5911412
6332998
3152584
3958674
3737746
4671281
4749915
5965469
6497811
6337638
6322137
4760314
6017115
6294671
6333728
6182603
5006357
6475955
4252924
5935832
6000623
3109155
5795874
3040761
3134753
5930716
6254054
6068878
6503232
5094509
6110675
6139364
6428980
3289680
5934781
5795871
6423683
5772750
3774994
5934768
4018732
6203205
6388847
6407873
5930632
3091303
5935836
6182590
4326509
5935833
6764753
6815037
6823100
6821248
6747544
6716193
6747561
6887524
6771439
6133607
6795529
6723912
5142348
6347539
4090132
5905117
6883401
6705539
6789951
3154861
5471516
3920755
4923148
6733005
6841324
5115188
6798658
3078101
5092488
6129917
6566698
2978104
6449631
6534838
6388949
5033894
1952983
4150575
6770928
6908954
2921961
6805283
6503233
3048218
2612005
4089963
6842652
3572646
5983733
4023823
6683163
6889364
6254274
6263088
5487088
5901751
3976975
6328289
4644470
5436095
4387042
6059618
4461062
6051482
6657484
6565018
3774993
6798652
6440458
2602718
5630452
5128508
5485887
6015421
4732613
4644471
4068471
6831941
5003496
3992779
1979473
6388846
6096139
6733004
4170376
6683236
6372825
4661574
6799987
6525982
6702675
4009900
6455651
6619614
6129458
4458222
3827925
6456269
4411578
3068102
6075248
4951998
4860441
6817828
6414345
4787303
5707225
6168821
6207440
5094666
6671359
6645959
6553599
4461090
6832006
6583522
6887272
6685361
4960063
6388844
5768111
6288893
6395182
6455086
5446131
6365738
5092487
4708830
6765853
6615359
3234809
6276222
4665158
6729644
4999589
6534024
4170373
6315367
3889286
5487335
5471445
6594251
6321370
5136856
6328704
6491762
5901756
6494295
6080165
6359492
6515986
5698175
6472215
6435532
6161254
5698189
6144006
6378408
6518686
6657487
6403664
6274365
6371838
5367159
2117253
6107061
6471364
5979205
6520763
6007612
6443087
6336127
6504560
5698179
5094057
6041009
6427833
4757444
6519766
5661621
6479368
6241197
4644478
6536059
6364874
5329958
6530789
6253045
6278995
4524013
6349961
6504469
6039223
6084074
6371839
5885537
5926925
6302454
6299509
6314635
6090017
3875711
4076871
5979979
6096470
6454801
5895407
6646351
6480675
6293648
5992092
5698168
6534481
5937153
5965299
6364899
5101090
4947080
6055037
2117254
5163208
6410285
6535870
6636628
5542215
6425264
6311696
6239550
6018671
5259099
5698180
6812487
6842385
4760662
6815133
6372856
6812485
6860712
6829743
6842379
6764396
6696857
6842383
6860713
5770759
6840057
6330376
6831893
6842381
6815135
6805328
6842382
6592200
6736372
6885404
6858460
6586668
4258369
5984132
4792695
6858459
6432381
6649966
6815139
6709588
6426757
4080377
6885044
6140420
6858457
6355367
5937780
6771003
3870708
6770878
6429030
6805191
6820030
6805882
6043992
6171563
6570319
6355361
6317266
6340541
6138976
5467044
1645762
3933046
4831634
6858461
5352128
6676996
6709254
6930047
3305928
5366282
5007902
5068242
4736175
6831894
6518677
4719664
6317259
6068666
6148707
6477976
3083214
5138825
6747001
6482304
6367319
6364859
4919096
6562943
6526430
6030633
5186474
4644477
6340579
6384159
6242761
4813521
6912598
5983686
6535122
3948582
6291062
6061026
6328116
5072862
6062718
6787350
6790995
5128555
6477977
6148706
5405903
6718915
4723185
4792635
6522548
6508295
5897110
3565367
6449638
5013483
5552549
5835464
3733819
2360188
6482307
6571401
6354938
5196215
6633863
6815127
6416827
6247114
4424181
5841051
6771005
6388655
6494311
6755539
6168090
6770865
4804634
6472338
6831869
5935853
3364727
6427320
4427726
4822309
6253042
5592356
6843256
4983397
5568479
3201356
6014857
6118778
5319723
5190157
6455105
6368601
6119919
6122836
5429603
6152234
5947157
3385570
6397646
6335850
6806366
6223878
6049730
4242329
5765933
6329666
4201273
5925586
6815129
5366294
5171032
6709748
6491806
6226767
5841049
5993257
4766249
6429073
6123140
5608198
6368357
5340444
5928438
6768729
5242805
6094298
5385939
4438412
6203267
4341079
5999710
6043994
6763819
6476908
6609271
6596566
4099114
5102775
5214924
3954685
6095119
6052011
5427355
6344763
6425270
5823100
6118774
4089780
6296236
5901387
6482162
6526435
6236975
4474985
5159779
6025608
6815125
6885406
6738783
6882674
4821959
5909422
6317258
4850514
6594686
4408417
4896199
6603533
6429136
6061032
3100361
6416825
5381539
3909336
5354366
6380668
6397762
6472335
6385722
5568492
6326388
3828379
1687264
6323917
5982828
6114690
6323389
4226985
2831176
4614220
4427625
2783770
6032241
5007926
5167642
4179532
3583760
5026696
5937779
4116466
3803467
6477995
5190138
6041698
2751845
5915372
4662701
6162784
6556992
2799531
1632474
5889038
6518468
6195521
6014403
3863411
4751306
6650455
6844030
6459886
6150940
6859762
5795897
4775519
5139871
6149118
4212373
6570399
6365348
5268862
6099389
6442262
6281493
6586932
6459887
5436451
5470192
2848613
6333618
5698178
4378694
4812070
4964009
5398834
6049233
6183961
6510064
6452416
6535182
6262142
6225871
6545470
6149119
5193862
6581397
4092647
5322326
6296528
6455006
6461306
4891349
6149116
3969584
6506083
6643115
6150910
4644485
6459880
5301401
6049300
6149113
6461305
5052044
6345377
5661630
5096632
6260625
5205861
4748663
4083119
5698181
6253269
4267585
6506278
5110474
6149115
6333704
5698182
6032410
4846407
6636644
5193856
6075522
6772275
5003502
5698162
6633891
5145703
4815918
6455079
6451232
5698184
5310580
4651539
4578086
6844040
5068953
4624166
6403694
4644487
4624162
6317202
6657320
5699913
6049284
6441704
6411855
5698183
5110505
5112933
5118768
5311176
6692829
5039771
6492074
5015866
6646993
2612357
2392489
4919801
3099416
6363716
5162641
6500784
5011055
3906921
1875664
6455011
5698177
6451224
5699914
5795905
6593932
6496946
5097550
6781308
5152916
6763716
6851560
1875663
6883417
5011049
6853012
6805423
6830941
6798476
6863326
6768192
4030114
6877823
6778651
6797688
5311179
6771113
6830930
4132460
5942989
6685288
6814933
6654438
2921934
4971128
6708846
3267319
5015964
5471017
6269235
6738915
5202933
5003503
6746728
1479458
6407535
5073143
2029118
6486927
6333977
3906947
6805424
3682102
6778649
5159201
5007053
5622133
4897280
6951007
6676390
6230928
6279604
6566429
6794253
6524264
5140926
4870785
4693533
6753697
4203305
6272081
6203253
6731370
4807438
6450592
6331354
6317428
6736362
6101171
4791693
6075530
3970403
6063269
5205862
4982184
6576529
6091958
6644720
2389478
3784920
4203332
5066691
5154446
5042803
6483193
5301862
6753870
6581394
6633896
3965145
6772329
5238827
4028849
6076730
6329763
4693511
6458984
5021810
6287356
6731670
6557230
6627666
6655863
4887959
4803192
6657317
3998590
6641747
5592824
5074490
4950760
5153694
5208048
6372848
6523926
6724350
4904323
4989591
6838998
5015967
3453956
6644416
4950765
5034761
6149611
3992340
6614740
4328104
6459875
6697433
6120636
2433874
6101147
6945242
4644488
4059782
5016529
6591474
6403693
6356177
4497997
4870086
6500781
6644419
5968191
4950767
6380648
6192406
6746776
6699579
5370627
5691132
3464242
6547161
5042396
4923117
5081255
6000189
6459041
5621710
4128706
4882185
4090499
6673736
4744161
5157798
4167193
5053708
6400250
6881775
6754031
4766255
5696518
5236208
6161267
3722373
6226228
3040827
5879407
6838983
6202098
4062311
6091956
5983634
4896162
5964340
6606132
6459871
6633810
4494772
6099011
4145053
6788279
6227882
6350043
6812111
4950763
6675764
6136182
3633740
6538783
6503265
4779369
5101065
6140492
6388299
4787565
4972089
6495917
6657316
6491974
2533597
2673616
6067794
5622790
4916704
6063779
6554361
5356502
6276092
6197180
4870786
6746221
5066689
5149122
4472722
4065371
6753717
4129005
4553806
5161715
4850552
5058431
4984791
6449918
5192098
6020623
6042085
6172583
4964008
5661631
6093013
5232982
4362800
6182449
4896160
6706289
4357860
3230050
6523175
5450422
5159130
4185804
6345379
6697435
6000190
5600089
6763758
6519718
6459876
6576549
5531623
2397919
6797711
2414846
4410017
5145531
5080545
6309168
5034692
5249607
6323009
5120574
3579344
6481745
6794775
6707755
6013965
4514484
3392381
2955120
6738914
5064817
6300862
6697862
5019517
5192891
4034462
6467566
6723845
5142193
5630485
5990328
6405432
5432322
3983208
3353269
6553633
6607731
