# FEMALE/shorts — discovered 2026-08-05T20:39:05.953765+09:00
# have=105 need=66 oversample=1.45
# count=66
5738367
3753458
6819158
5046354
5016147
4642999
4634850
5175497
2399105
4860761
2823526
5374912
5337153
4921911
5083042
6157179
6212713
3471819
5738037
2883456
3414542
2564201
2579768
3521952
5841361
2443372
5355294
3940250
5175521
6062713
6053705
3379413
6535081
1985379
5738511
4218033
2883444
5200330
4002543
3343637
5028535
5994954
3521379
6789867
6282418
6527414
5179511
3333190
6212451
1388299
4779705
2753530
5825976
4502732
6074308
6789890
6338773
5337125
2413514
5321801
6762609
5265020
6660074
2813091
3323533
6801052
