# FEMALE/skirt_midi_long — discovered 2026-08-05T09:04:29.816786+09:00
# have=0 need=363 oversample=1.45
# count=363
6515986
5698175
6472215
6435532
6161254
5698189
6144006
6378408
6518686
6657487
6403664
6274365
6371838
5367159
2117253
6107061
6471364
5979205
6520763
6007612
6443087
6336127
6504560
5698179
5094057
6041009
6427833
4757444
6519766
5661621
6479368
6241197
4644478
6536059
6364874
5329958
6530789
6253045
6278995
4524013
6349961
6504469
6039223
6084074
6371839
5885537
5926925
6302454
6299509
6314635
6090017
3875711
4076871
5979979
6096470
6454801
5895407
6646351
6480675
6293648
5992092
5698168
6534481
5937153
5965299
6364899
5101090
4947080
6055037
2117254
5163208
6410285
6535870
6636628
5542215
6425264
6311696
6239550
6018671
5259099
5698180
6812487
6842385
4760662
6815133
6372856
6812485
6860712
6829743
6842379
6764396
6696857
6842383
6860713
5770759
6840057
6330376
6831893
6842381
6815135
6805328
6842382
6592200
6736372
6885404
6858460
6586668
4258369
5984132
4792695
6858459
6432381
6649966
6815139
6709588
6426757
4080377
6885044
6140420
6858457
6355367
5937780
6771003
3870708
6770878
6429030
6805191
6820030
6805882
6043992
6171563
6570319
6355361
6317266
6340541
6138976
5467044
1645762
3933046
4831634
6858461
5352128
6676996
6709254
6930047
3305928
5366282
5007902
5068242
4736175
6831894
6518677
4719664
6317259
6068666
6148707
6477976
3083214
5138825
6747001
6482304
6367319
6364859
4919096
6562943
6526430
6030633
5186474
4644477
6340579
6384159
6242761
4813521
6912598
5983686
6535122
3948582
6291062
6061026
6328116
5072862
6062718
6787350
6790995
5128555
6477977
6148706
5405903
6718915
4723185
4792635
6522548
6508295
5897110
3565367
6449638
5013483
5552549
5835464
3733819
2360188
6482307
6571401
6354938
5196215
6633863
6815127
6416827
6247114
4424181
5841051
6771005
6388655
6494311
6755539
6168090
6770865
4804634
6472338
6831869
5935853
3364727
6427320
4427726
4822309
6253042
5592356
6843256
4983397
5568479
3201356
6014857
6118778
5319723
5190157
6455105
6368601
6119919
6122836
5429603
6152234
5947157
3385570
6397646
6335850
6806366
6223878
6049730
4242329
5765933
6329666
4201273
5925586
6815129
5366294
5171032
6709748
6491806
6226767
5841049
5993257
4766249
6429073
6123140
5608198
6368357
5340444
5928438
6768729
5242805
6094298
5385939
4438412
6203267
4341079
5999710
6043994
6763819
6476908
6609271
6596566
4099114
5102775
5214924
3954685
6095119
6052011
5427355
6344763
6425270
5823100
6118774
4089780
6296236
5901387
6482162
6526435
6236975
4474985
5159779
6025608
6815125
6885406
6738783
6882674
4821959
5909422
6317258
4850514
6594686
4408417
4896199
6603533
6429136
6061032
3100361
6416825
5381539
3909336
5354366
6380668
6397762
6472335
6385722
5568492
6326388
3828379
1687264
6323917
5982828
6114690
6323389
4226985
2831176
4614220
4427625
2783770
6032241
5007926
5167642
4179532
3583760
5026696
5937779
4116466
3803467
6477995
5190138
6041698
2751845
5915372
4662701
6162784
6556992
2799531
1632474
5889038
6518468
6195521
6014403
3863411
4751306
6650455
