# FEMALE/outer_jacket — discovered 2026-08-04T21:36:26.501296+09:00
# have=0 need=363 oversample=1.45
# count=363
5920280
6014106
5934674
5996268
6751903
5151475
6840706
6861817
5983070
4260070
6111504
6014083
5923637
3983278
3759501
5871969
6379927
5920286
5934690
6198802
3586620
4450504
5983080
4504077
6068649
4549071
5141464
6298747
4504029
2409263
4407684
2409265
5319679
4563853
6815083
4846398
5316834
4332879
3798181
5804834
5966294
5269542
6043056
2701889
6060286
4784136
5336670
3856623
5414780
3452673
6198836
4701937
3863397
4588872
5339091
3783560
3833876
3798491
3833874
5916272
4793093
5698207
5890122
6062392
5389162
3584002
6207536
6146080
6067900
5389174
5389169
3864198
4332957
4793778
5607457
4416446
4332734
3650276
4677711
5368991
5981839
4768065
4705286
6235791
5524889
5571624
4577402
4790732
5916828
3051707
5920277
5683032
6146042
6068648
6025121
5343813
5964828
4099161
3264060
3088552
6207529
3833875
5389165
5462209
5946874
4782080
6158998
5389171
4335753
3613942
4442539
4821924
6046947
5981882
4224254
3878193
4134399
5359442
5903225
5680398
4332733
844608
3544833
4668267
6126025
4876538
3574332
6081808
3574333
2701875
2980090
4330257
6409332
4807233
6449065
6041793
5656880
4455004
3586751
5316717
4801339
4899102
3867111
5389163
5915244
4841098
4283732
6239999
6065587
3118428
6165379
3832797
5111617
6025190
2346685
4850177
5981888
3891742
2653656
6095001
3508952
4381582
5414751
6051044
4442540
5996267
4018104
5928379
4301619
5912461
4857007
5359804
3869425
4427551
4730281
5371773
3847953
6204533
3100355
3844093
5919803
6016373
3771734
3927978
5885614
5438726
4443606
3794880
4430552
4401084
5680397
6008560
6014846
5983026
4397709
5721302
5707020
2982477
4421803
6345058
6007383
4794298
5458807
5524781
5355171
4824835
6183868
5650234
6112895
6867671
4053324
5929821
3867112
5316713
4555069
4649362
6094964
4862367
5148372
5572978
5582764
3620134
4408948
6861028
4831610
5336633
5981843
2935314
5861277
3539278
4341032
6764596
4507531
4464965
6454836
3836801
5243104
6267981
4895168
4683125
4837374
6067898
3881646
3647496
5314425
4966425
5390688
4588875
6019912
3551114
4464872
3833877
4678398
3791023
5603550
2802130
4737957
5947396
6016372
4866334
6032837
5382629
4325472
5531220
4664467
5276053
4782065
3193244
5574950
5374703
6062948
6312247
2895095
6060490
4824756
5469657
5250478
4461442
2858070
3739707
5375085
3439605
4500338
4316236
5885620
4422775
5907683
5419692
4004517
4728672
5864958
3904489
4816608
4552315
3598338
4708848
5446979
4840972
5401094
3794317
3535058
3844663
4322572
4316232
5656879
5438741
5968145
3886707
3866252
6862583
6072008
5863742
5981838
3639348
3067028
3613447
4624405
4313934
4355880
4259973
4664469
5041957
5582658
6345060
4887748
6725275
4739110
6014845
5503369
527237
6051045
4346633
4774125
6434249
3890601
4957897
3049465
3794885
5526373
4004518
5606003
5331787
2195255
2117958
5996266
4780955
3968452
6070435
3666958
5995969
5574330
6467840
3499548
3441358
5638946
4705509
4332401
6371379
5453002
5983024
4438194
4461592
6472470
