# ALL — discovered 2026-08-04T21:37:05.711620+09:00
# combined new ids; unique=3615 plan=batches\tpo_session1_outer_plan.json
# count=3615
2444810
5097306
6111537
1558197
4800605
4566692
3148718
5224177
1108007
6288449
6101998
3241375
5224088
3825573
3254288
2808735
2444809
3148717
3826106
6214061
5935158
5106418
2572700
4619927
4566688
5106417
5106420
6048606
3319273
2318844
3241243
6223939
2444808
4576876
5360522
4449386
4847120
2572705
5489804
4852187
5897765
2443861
5903085
4412156
3800540
4312761
1895225
5289775
3249644
5361513
5215216
4847094
5964775
6469105
4448307
4818150
5899118
3516565
6102032
2318847
3508782
4514116
5316710
6309371
6299702
4222258
2407844
4898149
6102817
4705785
5312902
3838948
3561168
5515448
6065534
4898184
5258798
6696654
3361747
4312765
6832020
6085589
5369368
5375542
2848659
6315304
5145588
4847065
5357610
6469074
6085700
3059721
4308560
2480025
6021352
5970375
3805144
3805133
6071880
6176044
5940854
5916200
5316168
3271533
6020876
4928383
5545789
5581344
5903081
5975612
5229433
6004600
5899117
4438275
4757705
6038699
3830718
4827862
5916193
4312760
5916197
6245509
5837533
5350648
4769733
5328113
6084925
5758745
6696655
5341417
5988256
4464796
2168498
4798402
4705786
2443862
4384039
1446641
6145181
4273512
6114440
4305180
4510022
4595927
6754717
5437034
6037420
1446636
4087755
4494311
6065530
6102563
4833851
2792420
4715125
4928380
4928320
2183239
3854490
5973266
4870485
3433802
727847
3872309
6105177
5999698
5964867
3059720
6407720
5929442
5229434
4209366
6108098
6208989
4448311
5975591
3587375
3558358
3998427
4905944
2407856
3431892
3463671
5554600
3576435
4928223
5930617
4793653
4446174
4793663
6741966
1120482
6242607
3576432
6821490
6114764
5870366
3840737
6469069
3869040
5350577
5737562
4729471
5988257
3057178
4379865
6153986
5581345
4512990
2444805
3399817
1073841
4928274
6121864
6101795
4312774
6101999
3594166
4928159
6031123
3523916
4373436
4715124
5858678
5758861
5303906
4702321
3594168
3989409
1672321
4793645
4841253
4866403
5452085
4776331
1882618
4793669
5378078
5350786
6245449
5585335
5985806
4833852
3521959
5508302
4759112
5357645
4922861
2781541
2868140
2715887
4982176
3667813
5920823
4821827
3805132
4779793
3864669
5581393
6145221
6114518
5978782
4899093
3790871
6299698
4209364
4503475
3901730
5537297
5646144
6284777
4339071
3830714
4816795
2768487
4729445
4339070
4757695
4611669
6091808
4334526
2395102
5730439
5503736
5755132
4793657
5758867
5378090
6179185
6102475
5607024
3800193
6245488
5177606
4865116
5386664
5508315
6208990
4583899
6226263
1860914
4322069
2715869
5437023
5367969
4353584
3832707
4910034
4390793
2391429
5965783
2256579
2902728
5933046
5737830
5996635
6679544
5882203
3934368
3785004
4864941
4514109
5386414
3864668
3989408
3583848
3543036
5913486
4395956
5300882
3922101
4870488
5375491
5515444
3128988
5094692
2877966
4448313
5097617
2444804
6284657
4988561
4626178
5693481
3956146
4748137
5503782
6065772
6469104
1923948
6115296
3830715
4804620
4273511
6021359
3952398
3912169
3893502
1073845
4390788
1943146
6208997
4438211
6021332
6132994
6432958
5311114
4652845
5310906
4705476
3790838
4575686
5755269
6443232
2411158
4696752
4375421
5651695
5595263
6055644
6061819
5320096
5522720
3096448
4702360
2100776
4519312
4341041
1291017
5892146
5386037
6176122
5408215
3799350
4821448
5949926
6044981
5913088
3576668
4503217
5260157
6085445
5964813
3390511
5976856
6020757
3518878
5563266
5998086
5438685
4702333
5874823
3776141
5945211
1837272
4705457
5992266
5986852
2100775
5719178
3438289
4438398
3812476
5320060
6069874
5968420
4290298
5621022
4846604
5451232
5949922
3752915
5431360
4503304
5386035
3870195
6407847
2756331
6050736
3115409
6057949
6038808
4995175
5998211
4344225
5318976
4577431
5993174
5320058
4344495
3729210
4344238
4448318
5984182
6044984
2186102
5952108
6068975
5615157
4705907
6016795
5310784
3783380
3614983
6007596
5579166
5384864
2163319
4398431
5596675
5408196
5401569
5913080
4303308
4390849
5392898
4864900
3832688
5885915
4368853
4738410
1291016
6015651
4757544
4443028
3528695
3533342
3816993
4863391
5902944
3851646
2443147
5976441
5352640
3390508
5438700
4931219
6019910
6068475
5884309
5978678
4693359
6374216
6000312
5952107
5908004
3479967
5431540
4687676
6085450
6034149
6021333
4482783
5701484
490312
6725516
4732817
3922096
5349937
4866824
3902684
5461864
3576663
5611805
5575866
6040049
4995174
5397048
6038233
4866813
3533344
6019582
3030734
3613548
5506325
3542950
4802125
3833380
4454200
4481899
2864071
5448927
6115649
3490861
5889854
6176121
1850274
2896386
6280696
4895303
5276059
6002800
6566177
6111123
3586628
5579165
4860515
5431354
4764705
5289749
6000313
6007591
5639548
6020945
4316504
4656062
5908006
5858804
4311474
5350426
4209314
5976440
6099728
5377308
3504915
6015650
6084874
4580982
6028116
4364362
3096451
4446018
4500279
4752941
2550835
3190729
4416207
4343986
4774126
5863930
5959966
3729071
4875853
6066673
5420319
5310771
4921354
6188504
5316725
3613549
2773078
5553036
6062942
4461860
3011732
5551719
5862305
5431357
6019913
4728671
6208999
3794316
5937628
4931215
3794322
5355416
5863470
3752875
5349835
5323687
6012586
5289746
6092393
4337794
4456860
5314426
4438400
4427532
6188670
5547157
5941540
2163318
5356741
3438588
4446017
5572428
4768814
4778440
5352440
4470539
4925569
5309636
3170183
5462355
5476664
3037892
6036292
6180935
3552926
4316506
3504913
3705079
5323744
4787673
5984185
6062950
3065847
5016103
2085156
5276057
3840794
3589073
3011925
4705608
5401063
5331461
3799348
5920882
259225
3589072
4875963
5310779
1695429
4761007
2861509
3550660
3050823
5243103
5972510
5383113
5711831
4527612
6086998
5420292
5930853
5349887
6050219
6040044
2954861
4390791
5723544
4364906
3110304
5532350
3864954
5547150
3791137
3472698
4602383
2886751
3725938
2322837
3096449
4346625
3814170
3438579
4099191
4408944
2370850
4364361
5895789
2365202
5347808
4866820
5891878
5615159
4455048
4617229
3594917
5974591
3667842
3480986
4834903
3075081
5317649
2780308
4732816
5673674
5749039
3490860
6087778
5434813
5730470
6034860
4667383
3731399
6426728
3917524
3010708
5729925
4461809
4416349
4952054
5419690
3054929
4481009
3716981
5310775
3901635
6245128
3562280
5553072
4846981
5353987
6131416
4506185
5949110
5854440
4875905
6096757
5978702
5398702
5189097
3049491
5683950
5409143
2725563
2279463
3631788
5992560
5463811
4481901
5363168
5977399
5982451
6032870
4266761
5889964
5897917
4881701
5497996
4316239
6038805
3543849
5409876
3630765
3462752
5433464
6060193
4879391
5381276
6388905
4568323
5397245
5930438
5299701
6355096
3854792
4423161
2098325
5489923
3481219
865862
5552865
6034922
5354322
2042638
4448330
4448886
5641987
4446031
4438290
2116411
5797310
5530290
5573011
5691161
4448331
6843454
6679470
5516614
4423163
5552907
5627815
1674015
3405547
4500646
4558346
4209288
4209286
5553241
2192558
1649144
5581407
5735178
5489927
2845009
5683793
5627096
2745130
4656030
3546121
3656078
5564942
1753872
3405539
5736895
5647416
5701793
4209284
5393056
3583652
4209285
4407166
5627818
3606436
1173860
682241
5845095
5205700
5572913
655610
3656080
3606936
5353986
4542364
5594792
5946617
4548917
5565005
1705172
3556948
4583915
5627816
6843467
4610845
894959
5585180
5205765
2241859
4209266
4701991
4485058
4485057
5800330
5736889
3685327
4209287
5610123
5322064
1684196
5763497
5546008
3559307
5655576
2116413
4458829
5942351
2865153
2799745
6843417
674026
5546807
1165814
1618313
4549428
3588185
4617879
1738344
5594787
6019091
4446030
5593759
4658841
4538553
2922315
5531242
3741356
2884500
3460316
5755793
5356199
1753900
5683980
3606937
2897369
5608874
3617006
5316867
5353985
2737279
5453448
6131823
5604408
5609457
3695766
2156295
4407168
4583913
2839776
5641993
5205766
4590743
4665356
5205734
682240
3625160
6843364
2178231
5730685
2897370
3629613
6101186
5918563
272533
3614287
1667486
4361477
4596662
5461860
5655575
5758945
2241847
5489204
4538544
5683788
2780253
2178273
5531252
5401174
4589807
2542831
5553240
4795553
4648998
5316866
2945154
3651657
5557363
4209271
5684278
5755957
2944982
6843410
2851479
2182259
5604633
3556458
1651803
2897377
2098326
5626815
5356200
4463682
5531244
4538040
4727652
5652628
1685757
3651723
4581785
4517742
4579645
4605789
4657634
3646050
4648574
5453447
5754260
3588156
848471
2193621
5461862
4791155
5683920
5833178
4596544
5354320
5604421
5601935
5653368
5662850
5913376
896947
3561749
5722317
2897379
5211757
3543635
3860677
4567657
3619325
3629622
4564199
3631183
2969215
5442508
5460653
1753908
3661472
4538543
5684168
3732712
3725803
5205732
3741358
3614226
5352297
4581788
3986433
3603811
3592025
3465135
1725237
5211756
4657632
5699417
4485821
2865188
2958807
5460725
1662991
2182264
3546123
4567712
3651738
5752189
5662859
4564245
3603990
3101876
5354321
5602063
4549460
5576315
2860803
3610893
5933636
3570312
1753852
5653364
2860801
5808623
5583437
3661639
1668312
4531308
3651653
6754685
5479465
5438735
4356796
5357327
5573869
5562220
6077041
5277751
5653925
5425132
5560241
5425136
5747240
5872173
5747252
5966600
5237240
5215535
5752684
4423210
4423186
4423209
5590483
3703312
6888626
5546785
4394016
3689915
4648388
4423217
5581451
4612241
5320896
4762151
5362283
4423215
5303997
5347159
4488554
3612756
4569273
5711887
5573870
5320080
3563271
5570910
5378507
5572675
4438311
5611645
5480129
5461488
4437665
5320889
4474920
5462546
5768458
4523373
4437660
4754507
4488556
5243438
4558262
5538666
5747249
4423167
5553102
3607241
3780728
5572740
6877771
5685139
5551576
5402034
6780668
4305238
5551756
5658688
4503764
5686789
5613258
4508769
4586287
4603486
5215536
5661667
4423216
4568168
5590580
5689023
5608474
3644394
5754310
4541701
5320092
5767975
5504959
5673469
6679802
5618059
4456413
5538339
3621465
5504973
3470403
2659982
5538338
4465801
5592663
5357329
5872175
5320036
4605203
3563269
3433669
5585288
4359084
4548880
5373229
4488757
5613200
3601218
4505484
5865125
5573135
5627623
5695423
3562368
3433670
4488555
5299849
5431753
5308110
5722329
3542916
5480358
5489896
5563279
4508023
4438323
5648162
5546777
4452778
4539658
4622654
5401703
5566384
5767708
4523867
5528981
5763732
4527460
3614497
4351434
4505426
5521191
2114350
5558704
2992199
3562371
3616470
4648414
5737060
5477026
3601226
4538760
5661579
5536250
4492157
3433668
4469332
3571710
4438315
5497354
5543122
5551575
2220534
4569025
4475396
5718560
4470736
5503839
5627022
5528979
5561959
4356810
4604407
4502452
4448335
5546784
5694563
5768138
5238432
5636506
5489901
4374895
4394014
5320486
5625575
5497530
4614979
4470031
5267312
5401055
5362275
3495297
4537062
4481354
6576250
5572728
4379036
3618838
5695427
5521192
3667847
5480490
3604263
5438509
5243460
4505485
2782768
5543123
3455960
4325593
3612758
4503337
4320021
2854479
5673051
3556954
5504006
2145692
4356830
5583449
3440439
5459592
3671136
5741910
5363374
5449918
5678622
5468958
5575715
4469817
5475897
5672264
4438320
5461464
4491784
5480491
5267317
5561328
5489893
5401755
5722312
5723724
3441945
5374759
4552982
2855373
5627091
3589764
5558709
5600357
5414008
5690909
3589765
5504126
5694948
5611647
5817101
3667846
5551580
4314911
4399117
5593307
3607240
5551581
4481361
5238455
3638225
5716189
4481376
5758521
5463338
5625622
5508860
4604409
4505924
5049497
3650860
6000424
6234409
5023424
5848767
5662197
6326053
4938716
4644590
6606479
4989863
4644588
6606480
6164001
6786626
6907212
2791830
4336624
4971131
6258939
2434568
6653983
5353687
6348939
6075577
3773738
5308574
6411173
4748645
5885904
6348941
5997693
6103294
3962966
4702388
3203125
6294577
5479464
6752584
5096098
3773719
6058011
6707899
5056315
4933078
5359852
4336623
4416710
6103295
4285568
4795777
6398682
5898354
4278920
5879545
4315499
4304660
4877727
5020195
3842897
6259275
6276812
5952401
4784469
5289763
2806015
5023425
5195647
5310824
4273490
6293935
5993203
5437995
5303897
6462624
6526933
4414472
5591585
2848667
5955559
5859000
5921220
6258944
4227235
4278894
5592964
1642185
5354666
6062892
5023422
4786839
4273492
4729539
5301310
5342118
6029984
4126029
6396681
6378439
5586772
5178641
5096090
5356182
5801231
4971298
5110824
5195692
4824641
3025211
4723523
3515422
4723524
6178505
4390782
2691620
5633106
3794290
5601519
6084625
6565650
5034176
4328729
5547126
2321779
2434469
3441716
3834327
5192296
4959964
5948747
4760979
6293587
6258940
4897716
4774122
5586777
6044969
5401271
6228773
3639312
3872308
5324313
5740733
6348942
4462411
5698522
6146792
5357924
4579198
3280467
3933076
4579195
5485204
4522438
5935795
5285448
5020199
5993210
5546754
4824532
4499812
6000427
3542908
5177679
6401811
6411201
4406177
4488749
4892403
6444842
3103657
5201226
5364753
6044970
4897725
4301811
6332697
5362016
5583408
6348943
3863338
1644193
6029988
5526280
5345821
5401373
4703805
4533140
5506993
5876523
4012433
4328878
4315498
4406175
4123690
4522439
6292866
5946311
4328879
5485218
5304919
4752565
2858879
5931661
4652853
6041618
5992470
5990761
4926625
4795032
6219777
6239341
6084316
4812147
5953433
3034336
6219790
6051153
4728678
3758213
5064198
6177065
4763740
4163700
6064315
3800080
6271743
6007698
3948530
6104961
6134684
4795582
6064329
5990760
6134687
4339040
4893576
5900201
6102008
6336190
3793566
5609638
6041633
1530517
6238272
1620287
6007700
3455892
6546305
6171072
4303264
5279207
6051318
6660066
5849242
6283770
5870962
6670811
3846199
3455882
3758212
5909711
4684728
6546307
5782827
2723218
6147437
3051559
6619570
2293592
6147432
5874438
3758214
4054249
4696797
4652865
6051317
3758217
3793565
6300556
4652833
4325506
5357659
6051319
3911229
5013092
5994534
5892140
5936108
3986413
6281820
4129881
5970725
5309634
5877528
4297941
4797692
6015146
4564458
4907568
4718493
5877832
4680842
4824249
3959176
3963050
6376117
5877522
3033224
3148002
6565453
4652852
5813203
5936124
6876831
5114332
4290271
5394874
5849243
2854211
5992156
3819161
5174443
6262473
4752759
6081667
4735473
5937253
3051570
2369684
4084425
5879866
5826886
3735868
6153805
5352207
4346266
1797842
6800230
6015148
6007249
6741981
5303916
4743208
6255373
5015243
6097452
703718
5279206
3864015
3929268
6084468
4802020
5968542
3807440
4709048
4936593
3942277
6643678
5979078
6153804
3343002
3468457
4095929
5928567
4936656
3063322
3452589
6176348
5604358
2534895
6012200
4351629
4883606
4129877
6626364
4907570
3906190
3621085
6491942
5318903
2710907
6015149
6026878
5936355
6323568
2301403
4878425
5991823
3788775
1530516
5463354
5303918
2703787
6070651
6160004
3946177
6019908
4945898
4747424
5096049
3407516
6021320
2471411
4151559
4049131
4652864
4702511
4330858
6173336
4095928
6009616
4472584
3826539
5877524
3852212
4762160
4078521
5968334
6177677
3840844
6107524
5228969
5994127
2627116
4702370
6239362
5964785
3393476
3838937
6068472
3010866
6081670
3621083
2739596
2398259
6029931
5982728
4936564
4088296
5991666
5754432
4821660
3917668
5141534
5981594
4392802
6070672
3589977
5006740
4853628
4472484
5963184
4732348
4881453
2487566
3444333
6015152
6323571
2755983
4564413
6066286
5993334
6524463
6060180
5132652
6491939
1571879
6262470
3840814
5753636
5861308
6222120
3542240
4293225
5396199
1571878
6045298
2737956
3872068
5436983
2857960
6140369
4336111
4907561
5276221
2627113
6079952
6513669
4652855
2462342
6176493
3101956
4784540
2398609
6026203
1803462
4619961
5721303
6071296
4619968
6071295
5721306
6267835
4619967
2398613
2398618
6183919
5721304
6071297
6761638
6821314
6023047
3925294
6583231
6071293
6153908
6276122
5436618
5148673
6658511
6117491
6109898
4088778
6349550
3667808
6627335
4101708
6291653
2977829
3845890
1163694
6208579
6262104
4898979
3545597
6175856
4340964
5688669
6176047
6506088
4495740
5112751
5680138
5966793
5436773
4737423
6063785
6109899
1343223
5569132
4939760
4923007
6355264
4516978
5474388
6752176
6461250
5016027
6372541
6768692
4744793
5537345
6658514
5978219
5314462
4021026
5294299
6491368
6055903
4898980
3801401
5041060
3346279
5569127
2611972
4211920
5436314
4482683
6763918
5474395
4736724
6044756
6101557
2552323
4421355
6223868
5984094
6476945
4871076
4170886
6276119
2561829
4909602
6314925
6308757
5911065
6016393
5936140
6491363
5680137
5269565
3883010
5408689
3621527
6109902
2212131
5524691
6695029
5472187
6366527
3518607
6033607
6552920
5659954
3655387
5837775
6488276
6016904
6476965
3153689
3491361
2264626
5474983
6421488
5970943
3120495
6271344
5674911
2577746
4344925
2475582
5138186
6065209
6068622
5537335
4489508
6185531
3078392
6098530
4803767
6314915
1925066
5406400
5071852
2378261
1843538
4807661
4341575
4568064
6016385
5512329
6014063
5269578
2566241
4746319
6069282
5668600
4604936
6207702
4765920
6026117
6269220
3728623
4800425
2803462
6061185
4422844
5430960
5537337
3528447
4589203
6070153
4661744
2369566
2515625
3759494
3445521
6276114
5688663
3892484
1163713
6349548
3141107
6208588
6016383
1830588
4327482
3473014
4876563
2143680
2975654
5947122
5467441
4594663
5524726
4341584
4562634
3356702
5223869
4850429
3242368
5735810
3829128
4461527
3969635
4613200
5783345
3110769
4293634
3815622
3516496
5589233
4684396
6031000
2918791
5469457
2316102
2412022
5653720
6314919
3192588
5853646
2140239
5783195
6493126
4741542
5469704
4753215
2803470
5688675
4346668
2790686
3221783
5603933
4789185
6208580
4906767
5966797
6069284
3868849
6568932
3481069
5520853
3571965
5967755
4854223
2803468
5554558
2834323
5471621
4327432
3730329
3759514
5737492
4435395
5315256
4783190
5315195
5600004
3642699
3825716
4489631
6013758
4432652
5136022
4768175
4388001
5373371
4344911
3815665
4112944
5586184
3092778
4488381
3120499
5947111
4610870
4922913
4782706
4021025
6062510
5484892
3889237
5920280
6014106
5934674
5996268
6751903
5151475
6840706
6861817
5983070
4260070
6111504
6014083
5923637
3983278
3759501
5871969
6379927
5920286
5934690
6198802
3586620
4450504
5983080
4504077
6068649
4549071
5141464
6298747
4504029
2409263
4407684
2409265
5319679
4563853
6815083
4846398
5316834
4332879
3798181
5804834
5966294
5269542
6043056
2701889
6060286
4784136
5336670
3856623
5414780
3452673
6198836
4701937
3863397
4588872
5339091
3783560
3833876
3798491
3833874
5916272
4793093
5698207
5890122
6062392
5389162
3584002
6207536
6146080
6067900
5389174
5389169
3864198
4332957
4793778
5607457
4416446
4332734
3650276
4677711
5368991
5981839
4768065
4705286
6235791
5524889
5571624
4577402
4790732
5916828
3051707
5920277
5683032
6146042
6068648
6025121
5343813
5964828
4099161
3264060
3088552
6207529
3833875
5389165
5462209
5946874
4782080
6158998
5389171
4335753
3613942
4442539
4821924
6046947
5981882
4224254
3878193
4134399
5359442
5903225
5680398
4332733
844608
3544833
4668267
6126025
4876538
3574332
6081808
3574333
2701875
2980090
4330257
6409332
4807233
6449065
6041793
5656880
4455004
3586751
5316717
4801339
4899102
3867111
5389163
5915244
4841098
4283732
6239999
6065587
3118428
6165379
3832797
5111617
6025190
2346685
4850177
5981888
3891742
2653656
6095001
3508952
4381582
5414751
6051044
4442540
5996267
4018104
5928379
4301619
5912461
4857007
5359804
3869425
4427551
4730281
5371773
3847953
6204533
3100355
3844093
5919803
6016373
3771734
3927978
5885614
5438726
4443606
3794880
4430552
4401084
5680397
6008560
6014846
5983026
4397709
5721302
5707020
2982477
4421803
6345058
6007383
4794298
5458807
5524781
5355171
4824835
6183868
5650234
6112895
6867671
4053324
5929821
3867112
5316713
4555069
4649362
6094964
4862367
5148372
5572978
5582764
3620134
4408948
6861028
4831610
5336633
5981843
2935314
5861277
3539278
4341032
6764596
4507531
4464965
6454836
3836801
5243104
6267981
4895168
4683125
4837374
6067898
3881646
3647496
5314425
4966425
5390688
4588875
6019912
3551114
4464872
3833877
4678398
3791023
5603550
2802130
4737957
5947396
6016372
4866334
6032837
5382629
4325472
5531220
4664467
5276053
4782065
3193244
5574950
5374703
6062948
6312247
2895095
6060490
4824756
5469657
5250478
4461442
2858070
3739707
5375085
3439605
4500338
4316236
5885620
4422775
5907683
5419692
4004517
4728672
5864958
3904489
4816608
4552315
3598338
4708848
5446979
4840972
5401094
3794317
3535058
3844663
4322572
4316232
5656879
5438741
5968145
3886707
3866252
6862583
6072008
5863742
5981838
3639348
3067028
3613447
4624405
4313934
4355880
4259973
4664469
5041957
5582658
6345060
4887748
6725275
4739110
6014845
5503369
527237
6051045
4346633
4774125
6434249
3890601
4957897
3049465
3794885
5526373
4004518
5606003
5331787
2195255
2117958
5996266
4780955
3968452
6070435
3666958
5995969
5574330
6467840
3499548
3441358
5638946
4705509
4332401
6371379
5453002
5983024
4438194
4461592
6472470
3612113
3683645
3552585
5529352
2944554
4481431
5552983
5684352
4634301
5553173
5828291
5651648
4471989
5655473
5562718
5589459
3697488
5588701
2220662
5758439
5751688
4564469
2740493
4530554
3683604
5651709
4613235
5590914
5653565
5751564
5543465
4588876
3696935
2944558
5552927
4535527
5393189
5751372
5281780
4613210
3603525
5546686
3753420
5529330
4564729
5491468
4500688
5543466
3562654
4535483
4953996
4633079
3552514
4759841
5628858
2234675
5531842
2124215
6000337
5639132
5668850
5588081
436729
5832850
4540242
5817722
5151479
4209426
6012286
5562598
4456843
5668686
4600466
5384940
5306877
5451927
4498515
6063110
4953999
2220069
3613520
5708179
3628636
5615277
4544182
2793912
2234673
4426339
2930133
4562949
4573904
4761807
5553171
5606419
4209442
3598524
4442685
4327315
5586643
5684416
5672629
4483713
6063082
5760541
2962495
3607406
4211910
4300246
5888790
5151478
4530506
5667730
4576265
5585528
1278129
4443663
5708116
5872882
5633429
5651738
5736429
5410399
3646678
5684324
2234670
5512334
5624735
5674478
5505396
5634242
4486027
3598575
5562693
5622047
4682388
4380201
5655474
4209425
3405571
4426329
4586349
5572118
5778263
5680173
4530555
5586943
2816398
4580215
3726766
5451929
5621459
5151442
5505350
3681359
3634536
4648036
6042998
4361286
3609032
3546059
4619700
3405573
4415501
5639228
4483087
6063078
4589311
4613234
3690284
5546673
4560741
4493953
4376775
5538539
5751661
4622511
5613090
5508006
4207899
3656123
3753204
3612122
4520322
5621480
4211919
2997578
5562746
4403631
5737575
4432000
2700047
5875071
2987411
4535528
5562303
5586893
4682387
3610381
5604034
4613209
5752018
5771375
5410415
5701519
5512348
3699273
1688539
5649885
3687190
4633082
6043068
5544746
5615276
5766037
4658255
5559568
4509458
3751221
6063114
5655468
3666430
3612114
3612115
4613722
3406682
5809063
5793650
5841383
3505598
3557600
5587527
5487128
2793911
5854763
4562952
5729636
5908964
5881563
5634173
5508016
5684395
4209443
4539475
5601163
5884067
4651867
1218463
5453204
5658110
2234672
5562597
5596310
6042030
4518707
4458321
5758282
3710663
6007273
5525255
3703819
5741067
4750359
4469013
5538537
5757519
5715183
5562302
5628479
4573899
4209435
3859497
5693996
5594953
4443772
681162
3651753
4213377
5737438
5587337
4504108
4608496
4580804
5559918
5531041
3699274
5439158
5489697
5639948
5895100
2939916
5512374
2839794
5655578
5453208
4415158
5691701
5613093
5884062
4570510
5562396
5765887
5628607
4580213
5827004
5605981
5607066
4443762
4500681
3031826
5633249
5742310
5668692
3485548
4615364
4211915
4490118
5752701
4207898
4491926
3631133
3632547
5841976
5791761
866211
4572646
1660708
5967863
4518765
5487094
4626607
4449876
866509
5525290
5872874
5489695
1685740
4209432
4693846
5659456
5679525
2159734
6043135
4626528
4564891
5587303
5609717
3626481
2193510
5562596
2839793
5606420
4468903
4559488
3612121
4643449
5634240
5774486
4209427
4535526
5668679
4580218
3637607
4500686
5493845
5485925
6039367
5894308
5617743
5729258
3559116
5162181
5560231
5408835
3570135
5162178
5580856
5357282
5782815
5493896
4381998
6754556
5319320
3576774
5377868
4354754
5485877
5511426
5539183
6877792
4513017
6291624
4498320
5582458
5513482
5373184
4370422
5570943
5582452
5587587
5878292
4558306
5483838
4569099
5760385
5587592
5573630
5719087
4498323
4413110
6291637
5526380
5566140
5402276
4569095
6039370
5511440
4652593
4143150
3931119
5613741
5587265
5582446
5539182
5978536
5581382
5654047
2792167
6039369
2653652
5797464
3666374
3604983
5357168
5551236
5357369
5572127
5583694
4536992
4722536
4630594
5320837
5571045
3335009
5566119
3552598
4325468
5588118
4498829
3697776
5419157
4224258
4569088
3640565
3658109
5541966
4527470
5484481
4754516
4677710
5582410
5672997
5620778
5641134
2980520
3687913
6840766
5671196
5590466
5718559
5768273
2863589
4457972
5764890
5634175
4584607
4749293
5606379
4454663
5384265
3574593
5560253
4500704
5274126
5641177
4569154
3640566
3836514
4613242
5554423
5537037
3604215
5546622
3589806
4477722
5751597
5384230
2811536
4525403
5575403
5741488
3726882
5658072
5587589
5708794
4453101
4143146
4613240
5663490
4453105
4143143
4564008
4558304
4481372
5562747
5709260
3697775
5655373
4509176
3623836
4532830
5274128
4518693
5469532
5469462
3717373
3589779
6062947
5568790
3691541
4613227
4453126
5654044
5665015
5663429
5461852
5319292
4611745
5546625
4569097
4484467
5745917
4479938
4478133
4515045
4391912
5583709
5468914
5672903
4481359
5633472
4389451
5559507
5560251
3569716
3574601
4507999
3552597
5560803
4613243
5487148
5832765
4481183
4464388
4470264
2979405
4408783
4384135
4451255
4677731
5668399
3658298
2906839
4590486
4306353
4470740
5566152
3759469
5634860
5434650
4535084
4483703
6499914
6319969
5059063
5104486
6858282
6273570
6843949
6127744
6401861
5980112
6458651
4644652
6227070
4982343
6402661
5626716
6291325
6127741
5283519
6314223
4651436
6401860
4764029
6510137
6084368
5695795
5053030
6722078
6586736
6604566
4665100
5795971
5945825
4734766
6596457
6593581
6458645
5815195
6336169
6284769
6394273
5049575
6140464
6738493
4644642
6810009
6133753
3225200
6492271
5051804
5695797
6331313
6401862
4993212
6275358
5695796
5788833
6376302
6593579
4782216
6198959
4356611
5671217
4957964
5070728
5759548
6173525
4267560
5695799
6651358
6538565
6593577
4860552
6593578
5494446
4644654
4982335
6210312
5165756
6460331
6436829
6405547
5671232
4835472
4212728
6517452
6455278
5463640
6299871
6133752
6436815
4090468
4644640
6331314
6111507
5059023
6685423
6736407
6644445
6751889
6764715
4820911
6772254
5795972
6790269
5695783
6067633
6748691
6709515
6769875
6364865
6842400
6764691
2448856
6777031
1952822
6112437
6768007
6736408
4952700
3221045
6768009
6709518
4860554
5671234
5101618
6849520
6418140
6814039
6768008
6496434
4644687
6041416
6709517
6112423
6859452
6297673
6593801
6247126
5964406
6798798
6623823
6244854
4981750
5024055
3822390
6398182
6161207
6444152
6297895
6269079
6730510
4440411
6283945
4005639
6860155
3577852
5436962
6794254
5547685
6268965
6749251
5984599
5115213
6390376
4958747
6840601
6654283
5156706
2583949
6296246
6104894
6247125
6502844
6754258
3893122
5474259
6337716
6593744
2204010
3621535
5723783
5336533
4276889
6476478
6321588
5081788
4835473
4274754
5587794
4408708
6798800
6208560
6728688
6623011
6494438
6535751
6450061
5671231
3336250
6297318
6614523
5205921
5101766
2448857
4519568
5751723
4756610
4172594
6224774
6393914
4090451
4668061
5961717
6458371
5020794
6390127
6790203
5636441
2448863
5613185
6188389
5425447
6016365
6860248
3821705
6478025
3631080
5903615
5385873
6714194
5336521
4644657
3264306
1770341
6337980
6423940
6112432
6003596
5124172
6859984
5202613
6388752
6651686
4450813
6458370
5992623
6331315
4076201
6013281
4202758
6460867
6437047
6221384
5976759
4887910
6097117
6162806
5397901
6489986
6421532
6790194
5447677
5759269
5974418
6566393
6794255
5159703
2581842
4952038
4410509
6685410
3081720
4677717
6209912
6747310
4727850
4718400
6198953
6035185
5115202
6063274
6625158
4117233
6354572
6608612
4267545
4971928
6666387
4613181
6480709
3790852
5973119
6453408
6092190
6831814
6235899
6436994
6379969
6239348
5207256
5897086
5915063
5671241
6455779
6219883
6399737
6022309
6007706
5207259
6036177
6093558
6092870
5095281
6005538
6831824
4747428
5671244
5994824
3790854
3056621
3790850
6083485
6007707
4994955
6218663
6752626
3790848
6370400
4885239
3804319
6107296
4865385
5966140
5982928
6405627
4012755
6021297
6015139
6057273
6079301
3816557
6313715
6798982
5361270
4949622
6070195
5835408
5982926
6547779
6112071
6591895
6593625
6711389
4865382
6057494
6021296
6348003
4719843
6162414
6000900
6286497
6036114
6291281
5987605
5495761
6065437
5840989
3835864
5176711
6063844
6591892
5997615
6291265
6112067
5966137
4994945
6691586
5994513
4134281
6000863
4614488
5930343
4184276
6399572
6008539
6328707
4564525
6314881
4895620
4776132
5982927
6083530
4790939
6093528
5929530
6022320
6372259
5361273
6138123
5659060
4896174
4716982
6219855
4994914
5966133
6381012
6150158
3902177
5284266
6442181
5838377
6306684
3939409
4775401
4747426
4826719
6278595
5104519
4860298
5149478
4907754
5147495
6817063
4718482
4142943
4107380
6524603
6455780
4762426
3823677
4792553
5999881
6122936
6796410
3916488
4924240
3864804
4866636
6218661
6097429
6526571
4747425
5104517
5386308
5925357
5415081
6065425
6593622
5049797
3035928
3783563
3786908
5931023
6112103
6366021
5658938
6179010
4794385
4997978
6437010
6263185
5982727
4895617
4381401
4846831
4967800
4348013
3865936
4697561
3099943
4735471
5979071
3960879
4730781
3844540
4758498
6271348
5387919
5096065
3777417
6399797
6166550
6070194
2340573
6015136
4949486
5925356
3942278
6627703
5875835
4325978
3153212
4757460
5543767
5394571
3209862
6737941
4781834
4426076
4399219
5104518
5408461
3477591
4696948
4548789
6375835
4642750
