# FEMALE/sports_top — discovered 2026-08-05T13:01:43.183200+09:00
# have=15 need=196 oversample=1.45
# count=196
6115062
5086034
4168997
6076232
6686250
3395646
5482529
5956981
6780831
6737942
1370890
1370888
6839191
5956979
5816770
6245004
5956965
6134776
5124116
5028199
1960357
3397162
4213766
4157572
5776127
5028201
6244981
3615899
4861575
5103240
5732869
5234862
5983981
6486554
6697894
4528725
5666783
5900376
5090833
6180732
5214391
5970518
6234442
5373165
1402980
4986143
6189728
1466038
4875554
4949213
6679897
4948967
6738945
6587318
6018253
6250152
5135916
6423969
5983979
6190253
3113957
5252940
6159438
6049245
3294212
2516396
3927876
6227375
4781846
4483980
5264580
6165540
4976567
6049391
3380690
5449211
4983793
5234758
6505341
6476718
4840625
6592158
6787381
4777768
3976043
5003810
4840624
6837674
3913527
5099058
6189730
6318413
6676194
6427568
4840623
6321840
6081410
6367851
3046978
3483542
6307856
5760802
4797419
6501109
4918767
3483540
4844830
6501112
6291317
5900375
4217237
6322017
4660780
6133318
4634853
5593833
6780836
5135737
6170008
5760800
5855319
6501111
3351097
6363516
4501894
6831511
3046985
6711024
2350683
4730642
6246948
6255758
5762256
6402561
6265405
6662956
5260412
5945896
6257760
6049241
6476726
6102274
6257741
6250145
5238656
6591391
6505339
6587363
3852522
6160289
6241744
6045096
5945895
6042336
3976042
5988419
6336216
5127805
5022931
6140198
5829822
6678733
5589908
5075059
6255760
5811310
6744890
4036075
6250147
4693099
6320719
3268858
6563566
6627407
6389879
6318409
6649314
6339350
6048235
4643031
6637612
5852112
5166595
4329928
5738151
6555611
6160288
6780834
6716136
6811860
6288544
6859476
6472087
6745136
6743667
6796495
