# FEMALE/tee_ls — discovered 2026-08-05T13:00:10.424747+09:00
# have=50 need=363 oversample=1.45
# count=363
5795863
5126932
6362768
6492964
5911215
6477998
4443583
5916032
4763498
6015673
5979739
6517564
6395477
5991748
5976326
4762803
6075262
5840392
5937279
4766699
5586781
6302119
4844543
5897340
5931724
5777335
5409482
6506585
4762781
5312563
5740744
4046873
6408131
5836180
6105116
3842816
5886071
6526546
6277368
5932410
6477996
6068119
5242290
5211622
5892306
5205480
6662339
5803626
5517386
6689485
6426989
4708446
5292964
6079966
6071630
5546263
6728750
5457085
6220136
6046415
6302014
6068125
5415300
4762776
5151559
6441065
4651553
4275239
6009399
6089213
5264363
4322922
5922237
6435854
5442146
6014682
6129627
5713331
6916604
6195742
6655510
4766684
6014683
6362766
5721683
6460736
6591931
6014701
6363901
5911951
5979998
6014702
5448512
6506582
6521378
5984490
6043776
6075264
5869594
6635890
5977897
6023995
4830698
6075261
6004871
6307369
6226247
4296878
5795950
5973427
5797206
3870366
6143770
5923653
6614672
6555053
6401463
6157545
4347595
5397221
6426986
5927162
3417709
5335852
5986768
6097148
6222563
5472909
5409340
5290178
4723676
6081238
4798029
6326121
6218868
6401847
6014638
6427756
5909997
5089989
5983130
5852361
6533388
3560223
6493946
4213991
5947265
6143791
5397925
6071240
5997722
6046230
4706651
5695790
4760174
4487197
5370218
4766707
6081420
5723238
6025697
5760960
6039246
6143802
6365323
5297901
6025938
5905335
6655485
5923652
6696569
5695791
6013908
5284440
5151560
5886063
6582511
6662350
5968157
5062453
6582509
6318240
6763908
5961712
6625854
6427754
3845219
6899468
6797896
6021381
6318241
6000057
6014700
6791688
6850292
6696090
6841315
6318242
5910000
6899642
6823667
6476788
6071241
6831943
5381437
6899472
6812869
6352042
6638143
6829739
6842390
4501837
6915943
5328265
6841581
6815110
6449621
3685532
4858279
6223890
6797892
6815561
3800524
6638203
5485253
3839646
6807545
6927827
6815114
5322255
5362414
6899611
6537263
5353827
5313237
6842694
3803630
6807557
3545276
5370284
6120195
6458359
6096969
6840034
6729332
4766192
6339522
6822057
6031147
6702451
6899480
5092454
6750797
6702452
3803626
6815106
6787467
5342172
3401358
5594889
6830916
6307365
6751488
5931585
6817287
6048402
6063283
5314853
5193975
6220486
6365914
4223676
5930321
6823527
5958056
4755862
6469295
5207228
5566410
6368518
6363810
3916533
5910457
6307230
6027749
4535691
5314854
6250139
6108447
4886914
6225031
5367216
6537269
6752357
5749902
5587728
6831945
6116867
4798692
6205478
6810566
5921397
6695488
6830934
6020687
6064055
6300662
6499072
6638058
6798294
6153780
6639680
5988302
6442131
6064020
6646091
6444105
6147501
6220153
5958052
6178965
6797893
5362415
5942604
5608013
6427689
2959993
4907307
5905718
6731103
6458362
6661221
6043944
6841583
6041683
5981387
5485254
4397535
3571555
6912807
6096568
5930309
6797738
4768984
5672587
6623828
5640988
5901435
6339925
4134354
6296219
4754622
6048151
6109438
2195665
5935766
5365243
6064029
6638092
6220449
5890341
5957536
5907494
