# FEMALE/dress — discovered 2026-08-05T20:39:20.096719+09:00
# have=235 need=95 oversample=1.45
# count=95
6299855
6614707
6299861
6699547
6284788
4447799
4881700
3690755
5357041
5051849
1958036
3377707
4695373
2751975
6644719
6011049
6517404
6373224
4738331
6185957
6265968
3723004
6951006
4950761
5633421
6506705
5253164
6365880
6596004
6405479
6400625
6637613
6049325
6142714
6655585
5332784
6643232
5088292
6309166
2283281
2109911
1996997
6333979
6197194
4907820
4150922
4129781
5011307
5343384
6035126
6538947
6472414
2364987
6788552
5042403
4137462
6517099
5110005
6394248
5835943
3697255
4357850
3353249
5569010
6535088
6634959
3921268
5532210
5635499
4623672
6498226
6451197
3484326
5110015
5087400
5521787
6101539
6372846
4825580
4897277
2760715
6053279
5241412
5230219
5217120
3847092
6064853
5147258
6744492
4214830
2760711
2086162
5629812
6677072
5281551
