# FEMALE/denim — discovered 2026-08-05T13:01:07.046661+09:00
# have=75 need=327 oversample=1.45
# count=327
6885251
5928457
3774997
6333782
6218794
6644204
6014105
5972533
6136031
5626412
6458896
6148719
6067793
6075221
5952223
6584321
6022199
4772143
4786310
5074412
5977508
5824376
6507759
6423990
4787713
6582314
4909307
6479370
6591357
6331800
6148728
5142797
5750445
5950432
4895581
6365836
4883887
5788273
6694406
6148749
6555563
6026931
4322896
3134739
6338949
5234692
6622018
6273613
6660044
6365940
4140074
3823274
6358997
6110651
6014101
6239799
6376289
4316267
5750447
5946792
5072782
4644811
6239797
5928473
6434169
6591358
6242576
5938978
4733059
6148744
6401744
3740714
6660103
5828029
5372427
4912936
6833340
5071044
5824379
4350293
6250087
5688848
5750450
5797030
6507760
5041723
3449295
5448897
4570124
5824388
6026753
5928462
6067791
6065514
6148718
5287054
4481065
4047888
6527319
6075223
5142334
4664450
5647798
6507856
5925505
4912977
5824375
5859119
4322895
5048896
6301776
5920491
5364411
6033929
6527449
5750446
6389893
5112684
4912954
4796405
6014449
5750449
5032205
5894266
5322267
5165265
2957576
4481062
5928475
5287052
6888171
3134738
6444256
6450036
4664453
6148742
6488741
5993880
4644816
6301241
6450039
6471389
6450037
5486809
5245859
5148991
6530753
3853930
4996330
6820516
4912979
6729880
2796117
6737863
4768211
6801209
4800262
4912946
6850902
5750448
6801286
5189995
6897292
4768212
6488699
6004803
5141606
6830870
5984991
4375150
5835475
5033086
6203148
5479198
6787553
4372103
5074411
5859124
3560206
4647543
5486812
4796527
3132434
3486409
4912940
5120947
5935582
6173668
6402198
3286053
4877301
6108806
5320079
4767603
6137759
3794184
6040500
6830873
3067437
4742147
5084421
6594748
6582974
6718445
3939033
2301674
3605652
4216500
4887885
6038492
4883441
6051888
5835477
5020097
6356933
6305482
2725426
5486692
5448572
5905489
5142333
5910453
4342800
3048223
4378713
1538719
4738944
2689416
5890469
6444254
4589632
5926535
6288913
3934086
2740993
6805767
6718068
6390267
2301682
6614543
4076522
6284454
5306082
3328930
5458479
4140077
3486320
4309321
6555164
6515530
6582975
4030852
4978003
2450038
5316499
4796017
6047451
3076307
3820696
5384928
4584350
6411898
6644485
5283810
6385742
4885113
6500524
5844893
4912996
4822890
3461128
6495863
3260093
4283088
3827936
5336130
6801310
5170844
6048129
2728942
6394053
6003676
3955183
3349699
6084225
4405910
5366358
5120958
5037809
6272516
3166074
4500453
5101094
6768623
5380286
2789209
5301750
6317955
4734957
3188504
5074407
2788633
5000436
4822320
3891762
4251263
5287150
2725610
5425076
3357445
4767615
6065464
5851835
6062703
3199629
3801465
1538720
5515693
6063289
4441964
2867126
2315730
6652097
2714279
5020104
6242908
5408806
