# FEMALE/cotton — discovered 2026-08-05T20:38:53.373063+09:00
# have=52 need=288 oversample=1.45
# count=288
6730357
4957960
6029339
6453827
5139010
6004280
4618813
5781279
6503203
3730410
5562254
6148724
5626035
6354937
6057351
5967937
4484532
5946573
4440359
6068250
3406504
6524681
5444038
4824384
4220816
6755451
6165097
5048618
5938977
6859460
6918866
6117457
5683984
5308594
4116219
4971138
6403244
5010099
5156241
5252574
4011468
6399213
5435506
4957959
6397896
5971890
4008299
4281002
5925405
4775728
6255213
5343756
6265368
4162280
6329759
6554782
6346449
6344721
5019994
6603537
6337613
2625155
6385580
4535575
5943094
5445866
4519931
5927816
1256060
5437990
5474157
5320493
6172940
6389999
5758059
6642829
6315401
6571383
5288733
5304595
5492749
6183153
6085340
6764025
6236564
6849552
4800321
6358692
5893180
6092360
5732962
3833833
6266500
6726869
5405414
6786796
6145762
5442578
5085068
3538995
6130051
5068915
6575771
6269817
5332979
5360558
3854491
5009783
6503202
3066989
6356766
6880385
6275875
6305476
5993081
6796453
6805378
4376802
5149475
2811246
4772451
6277210
5252573
4927399
5451347
5006631
5043044
5314692
3560804
6794262
4432568
6649714
2168392
5601309
6141019
6510030
6162454
3373958
6879665
6789270
6511748
3638206
5980565
5092907
4240532
4179521
4628953
3561725
4144442
5522425
6613702
5171121
5343778
4342575
6304825
5258046
6269298
5981216
5419112
5148491
2790773
5543996
4719631
6828233
6414008
5581262
5987714
5257565
5651551
5974180
3584405
6036626
6701251
5214605
5640944
3892192
5626023
5652432
6437261
5168441
5026699
3642335
6653741
4808134
6085238
5242699
6069322
3952482
6436721
4906384
5935731
2619773
6877734
6452861
3440415
5414928
5381538
6050180
6068743
5823118
3249556
6313739
4265589
6068237
6075256
6313074
5913807
4362418
5997523
4438001
4452859
3522878
6275874
5848409
6374942
6409923
3786322
5687842
5945831
6790766
5114437
3595038
5220141
6356767
5159974
4346122
4582580
6381769
5442574
5366354
6089458
6794259
6701564
5897279
5147242
3912796
5010177
5171113
5432747
6253356
4139248
6068223
6311478
3671279
5355232
6616381
3522661
4041079
5827749
5086202
5148488
3352798
5254343
5653772
6831908
5887577
4677703
6879507
3493521
6516482
4732886
3654262
5314998
6118674
6466521
4861306
4505445
6884976
5731951
3653762
5332770
4812630
5391925
5139611
6634661
5146251
3454130
3893371
5909515
6104834
4407532
6821346
5394312
2615838
5855343
6750933
6277212
6178961
