# FEMALE/dress — discovered 2026-08-05T09:04:42.370362+09:00
# have=5 need=428 oversample=1.45
# count=428
6844030
6459886
6150940
6859762
5795897
4775519
5139871
6149118
4212373
6570399
6365348
5268862
6099389
6442262
6281493
6586932
6459887
5436451
5470192
2848613
6333618
5698178
4378694
4812070
4964009
5398834
6049233
6183961
6510064
6452416
6535182
6262142
6225871
6545470
6149119
5193862
6581397
4092647
5322326
6296528
6455006
6461306
4891349
6149116
3969584
6506083
6643115
6150910
4644485
6459880
5301401
6049300
6149113
6461305
5052044
6345377
5661630
5096632
6260625
5205861
4748663
4083119
5698181
6253269
4267585
6506278
5110474
6149115
6333704
5698182
6032410
4846407
6636644
5193856
6075522
6772275
5003502
5698162
6633891
5145703
4815918
6455079
6451232
5698184
5310580
4651539
4578086
6844040
5068953
4624166
6403694
4644487
4624162
6317202
6657320
5699913
6049284
6441704
6411855
5698183
5110505
5112933
5118768
5311176
6692829
5039771
6492074
5015866
6646993
2612357
2392489
4919801
3099416
6363716
5162641
6500784
5011055
3906921
1875664
6455011
5698177
6451224
5699914
5795905
6593932
6496946
5097550
6781308
5152916
6763716
6851560
1875663
6883417
5011049
6853012
6805423
6830941
6798476
6863326
6768192
4030114
6877823
6778651
6797688
5311179
6771113
6830930
4132460
5942989
6685288
6814933
6654438
2921934
4971128
6708846
3267319
5015964
5471017
6269235
6738915
5202933
5003503
6746728
1479458
6407535
5073143
2029118
6486927
6333977
3906947
6805424
3682102
6778649
5159201
5007053
5622133
4897280
6951007
6676390
6230928
6279604
6566429
6794253
6524264
5140926
4870785
4693533
6753697
4203305
6272081
6203253
6731370
4807438
6450592
6331354
6317428
6736362
6101171
4791693
6075530
3970403
6063269
5205862
4982184
6576529
6091958
6644720
2389478
3784920
4203332
5066691
5154446
5042803
6483193
5301862
6753870
6581394
6633896
3965145
6772329
5238827
4028849
6076730
6329763
4693511
6458984
5021810
6287356
6731670
6557230
6627666
6655863
4887959
4803192
6657317
3998590
6641747
5592824
5074490
4950760
5153694
5208048
6372848
6523926
6724350
4904323
4989591
6838998
5015967
3453956
6644416
4950765
5034761
6149611
3992340
6614740
4328104
6459875
6697433
6120636
2433874
6101147
6945242
4644488
4059782
5016529
6591474
6403693
6356177
4497997
4870086
6500781
6644419
5968191
4950767
6380648
6192406
6746776
6699579
5370627
5691132
3464242
6547161
5042396
4923117
5081255
6000189
6459041
5621710
4128706
4882185
4090499
6673736
4744161
5157798
4167193
5053708
6400250
6881775
6754031
4766255
5696518
5236208
6161267
3722373
6226228
3040827
5879407
6838983
6202098
4062311
6091956
5983634
4896162
5964340
6606132
6459871
6633810
4494772
6099011
4145053
6788279
6227882
6350043
6812111
4950763
6675764
6136182
3633740
6538783
6503265
4779369
5101065
6140492
6388299
4787565
4972089
6495917
6657316
6491974
2533597
2673616
6067794
5622790
4916704
6063779
6554361
5356502
6276092
6197180
4870786
6746221
5066689
5149122
4472722
4065371
6753717
4129005
4553806
5161715
4850552
5058431
4984791
6449918
5192098
6020623
6042085
6172583
4964008
5661631
6093013
5232982
4362800
6182449
4896160
6706289
4357860
3230050
6523175
5450422
5159130
4185804
6345379
6697435
6000190
5600089
6763758
6519718
6459876
6576549
5531623
2397919
6797711
2414846
4410017
5145531
5080545
6309168
5034692
5249607
6323009
5120574
3579344
6481745
6794775
6707755
6013965
4514484
3392381
2955120
6738914
5064817
6300862
6697862
5019517
5192891
4034462
6467566
6723845
5142193
5630485
5990328
6405432
5432322
3983208
3353269
6553633
6607731
