# MALE/sports_top — discovered 2026-08-05T12:59:32.537020+09:00
# have=46 need=151 oversample=1.45
# count=151
6806723
6806722
5235671
6146436
6878005
5450200
6251546
6716142
5301779
6618029
6472088
6427474
6417975
6744819
6661660
5838527
6502682
3574664
4978750
4899668
6030843
2512741
4642648
4772355
5045551
3535307
4844733
5888832
5449094
6427489
3796005
2361600
6501227
6075060
4803082
5269695
6312923
6538545
6392282
6238817
6294032
5001156
5188188
6155511
5279185
6155436
6217136
6573910
4957286
5270637
6234436
3735768
6122271
6313135
3912243
3397155
6476719
6130579
6651140
4687284
3006346
6745094
3056110
5115805
6141797
6642689
5148521
4749436
3271530
5292229
5045548
4029367
6052420
4837315
2028350
5975444
6294033
6030891
6632609
6127808
3094965
6030989
6146031
5191760
4803085
6089007
6686052
4729100
6052422
3094901
6501203
4002659
6155514
4949216
4771419
6626735
6232695
5482570
6336937
3962982
5732681
5204742
6075063
6030842
6391399
6543955
2691826
4128907
2447767
6113857
6031126
6632590
4814700
6214545
6686128
4642657
6573788
5926237
6097933
6446940
6546070
4851407
6435460
6244982
5340809
6746137
5957001
6189729
6651155
6190266
4187013
5004579
6234476
3876907
6446943
5204871
6505340
6433501
4946358
5372678
4929094
4217252
4883718
6661651
5297829
6089062
3401209
6391414
3113942
6131128
5758879
